circ_id,Metastatic_Tumor_1,Metastatic_Tumor_2,Metastatic_Tumor_3,Metastatic_Tumor_4,Metastatic_Tumor_5,Metastatic_Tumor_6,Metastatic_Tumor_7,Primary_Tumor_1,Primary_Tumor_10,Primary_Tumor_11,Primary_Tumor_12,Primary_Tumor_13,Primary_Tumor_2,Primary_Tumor_3,Primary_Tumor_4,Primary_Tumor_5,Primary_Tumor_6,Primary_Tumor_7,Primary_Tumor_8,Primary_Tumor_9
chr10:100348064|100352496,0,0,0,0,0,0,0,0,0,0,0,0,0,0,0,1.0,0,0,0,0
chr10:110124017|110130486,0,0,0,0,0,0,0,0,0,0,0,0,0,0,1.0,0,0,0,0,0
chr10:110881233|110881535,0,0,0,0,0,0,0,0,0,0,0,0,0,0,0,0,0,0,2.0,0
chr10:110964125|110965061,0,0,0,0,0,0,0,0,0,2.0,0,0,0,0,0,0,0,0,0,0
chr10:119904278|119904473,0,0,0,0,0,1.0,0,0,0,0,0,0,0,0,0,0,0,0,0,0
chr10:122427032|122428236,0,0,0,0,0,0,0,0,0,0,0,0,0,1.0,0,0,0,0,0,0
chr10:122579578|122620291,0,0,0,11.0,0,0,0,0,0,0,0,0,0,0,0,0,0,0,0,0
chr10:122590665|122618340,0,0,0,2.0,0,0,0,0,0,0,0,0,0,0,0,0,0,0,0,0
chr10:122600991|122603129,0,0,0,72.0,0,0,0,0,0,0,0,0,0,0,0,0,0,0,0,0
chr10:122600991|122615306,0,0,0,3.0,0,0,0,0,0,0,0,0,0,0,0,0,0,0,0,0
chr10:124681607|124696212,0,0,0,0,0,0,0,0,0,0,0,0,0,0,1.0,0,0,0,0,0
chr10:20817600|20819516,0,0,0,0,0,0,0,0,0,0,0,0,0,0,0,0,0,0,0,1.0
chr10:21882282|21920963,0,0,0,0,0,0,0,0,0,0,0,0,0,1.0,0,0,0,0,0,0
chr10:24501379|24513434,0,0,0,0,0,0,0,0,1.0,0,0,0,0,0,0,0,0,0,0,0
chr10:24545104|24545278,0,0,0,0,0,0,0,0,0,0,0,0,0,1.0,0,0,0,0,0,0
chr10:37149777|37185541,0,0,0,0,0,0,0,0,0,1.0,0,0,0,5.0,4.0,0,0,0,0,0
chr10:37153572|37188019,2.0,4.0,2.0,2.0,0,0,0,18.0,0,29.0,0,2.0,0,12.0,15.0,0,7.0,0,19.0,5.0
chr10:37153572|37199788,0,0,0,0,0,0,0,0,0,0,0,0,0,0,0,0,2.0,0,0,5.0
chr10:37162776|37197309,0,0,0,0,0,0,0,0,0,0,0,0,0,0,0,0,1.0,0,0,0
chr10:37165094|37185712,0,0,0,0,0,0,0,3.0,0,0,0,0,0,3.0,1.0,0,0,0,0,0
chr10:37165094|37197480,0,0,2.0,6.0,0,0,0,2.0,0,11.0,0,0,0,3.0,1.0,0,0,0,0,1.0
chr10:37166605|37188019,0,2.0,0,11.0,0,0,0,0,0,13.0,0,0,0,16.0,30.0,0,12.0,0,9.0,1.0
chr10:37185513|37193258,0,0,0,0,0,0,0,0,0,6.0,0,0,0,0,0,0,0,0,0,0
chr10:37185640|37197309,0,0,0,0,0,0,0,0,0,0,0,1.0,0,10.0,0,0,0,0,0,0
chr10:37187958|37197480,0,0,0,0,0,0,0,0,0,0,0,0,0,0,10.0,0,0,0,0,0
chr10:5757674|5758847,0,0,0,0,0,0,0,1.0,0,0,0,0,0,0,0,0,0,0,0,0
chr10:67966683|68014186,0,0,0,0,0,0,0,0,0,0,0,1.0,0,0,0,0,0,0,0,0
chr10:68754828|68755343,0,0,0,0,0,0,1.0,0,0,0,0,0,0,0,0,0,0,0,0,0
chr10:68771206|68773099,0,0,0,0,0,0,0,0,0,0,1.0,0,0,0,2.0,0,0,0,0,0
chr10:69185987|69195265,0,0,0,0,0,0,0,0,0,0,0,0,0,0,0,0,0,0,0,1.0
chr10:69483691|69498396,0,0,0,0,0,1.0,0,0,0,0,0,0,0,0,0,0,0,0,0,0
chr10:7276892|7285954,0,0,0,0,0,0,0,0,0,0,0,0,0,0,2.0,0,0,0,0,0
chr10:73794640|73795517,0,0,0,0,0,1.0,0,0,0,0,0,0,0,0,0,0,0,0,0,0
chr10:77636637|77636893,0,0,0,0,0,0,0,0,0,0,0,0,0,0,0,0,0,1.0,0,0
chr10:863743|864270,0,0,0,0,0,0,0,0,0,0,0,0,0,0,0,0,0,1.0,0,0
chr10:86470992|86473973,0,0,0,0,0,0,0,0,1.0,0,0,0,0,0,0,0,0,0,0,0
chr10:92514920|92537550,0,0,0,0,0,0,0,1.0,0,0,0,0,0,0,0,0,0,0,0,0
chr10:93307028|93310019,0,0,0,0,0,0,0,0,0,0,0,0,0,1.0,0,0,0,0,0,0
chr10:96132586|96156047,0,0,0,0,0,0,0,0,0,0,0,0,0,0,0,0,1.0,0,0,0
chr10:96559659|96565426,0,0,0,0,0,0,0,0,0,0,0,0,0,0,0,0,0,0,1.0,0
chr11:108227595|108235834,0,0,0,0,0,0,0,0,1.0,0,0,0,0,0,0,0,0,0,0,0
chr11:111357193|111357444,0,0,0,0,0,0,0,0,0,0,0,0,0,0,1.0,0,0,0,0,0
chr11:117395192|117395457,0,0,0,0,0,0,0,0,0,0,0,0,0,2.0,0,0,0,0,0,0
chr11:118257000|118257237,0,0,0,0,1.0,0,0,0,0,0,0,0,0,0,0,0,0,0,0,0
chr11:120446403|120475507,0,1.0,0,0,0,0,0,0,0,0,0,0,0,0,0,0,0,0,0,0
chr11:120474560|120477526,0,0,0,0,0,0,0,1.0,0,0,0,0,0,0,0,0,0,0,0,0
chr11:12138390|12162419,0,0,0,0,0,0,0,0,0,0,0,0,0,0,0,0,0,0,0,1.0
chr11:123058403|123058766,1.0,0,0,0,0,0,0,0,0,0,0,0,0,0,0,0,0,0,0,0
chr11:123058440|123058766,0,0,0,0,0,0,0,0,0,0,0,0,0,0,1.0,0,0,0,0,0
chr11:123058446|123058766,0,0,0,0,0,0,0,1.0,0,0,0,0,0,0,0,0,0,0,0,0
chr11:128484823|128490576,0,0,0,0,0,0,0,0,0,0,0,0,0,0,1.0,0,0,0,0,0
chr11:130122390|130126821,0,0,0,0,0,0,0,1.0,0,0,0,0,0,0,0,0,0,0,0,0
chr11:130260856|130261929,0,0,0,0,0,0,0,0,0,1.0,1.0,0,0,0,0,0,0,0,0,0
chr11:18245928|18248602,0,0,0,0,0,0,0,0,0,0,0,0,2.0,0,0,0,0,0,0,0
chr11:3093992|3094236,0,0,0,0,0,0,0,0,0,1.0,0,0,0,0,0,0,0,0,0,0
chr11:33286413|33287511,0,0,0,0,0,0,0,0,0,0,0,0,0,0,0,0,0,1.0,0,0
chr11:36081653|36098461,0,0,0,0,0,0,0,1.0,0,0,0,0,0,0,0,0,0,0,0,0
chr11:36227085|36227430,0,0,0,0,0,0,0,0,0,1.0,0,0,0,0,0,0,1.0,0,0,0
chr11:3731391|3753408,0,0,0,0,0,0,0,0,0,0,1.0,0,0,0,0,0,0,0,0,0
chr11:417062|417324,1.0,0,0,0,0,0,0,0,0,0,0,0,0,0,0,0,0,0,0,0
chr11:43326612|43326752,0,0,0,0,0,0,0,0,0,0,0,0,0,0,0,0,5.0,0,0,0
chr11:57491395|57491590,0,0,0,0,0,0,0,0,0,1.0,0,0,0,0,0,0,0,0,0,0
chr11:61308245|61308982,0,0,0,0,0,0,0,0,1.0,0,0,0,0,0,0,0,0,0,0,0
chr11:61366045|61367998,0,0,0,0,0,0,0,0,0,0,0,1.0,0,0,0,0,0,0,0,0
chr11:62720023|62722903,0,0,0,0,0,0,0,0,0,1.0,0,0,0,0,0,0,0,0,0,0
chr11:62794482|62794934,0,0,0,0,0,0,0,0,0,0,0,0,0,0,0,0,1.0,0,0,0
chr11:63658761|63659252,0,0,0,0,0,0,0,0,1.0,0,0,0,0,0,0,0,0,0,0,0
chr11:64193078|64197974,0,2.0,0,0,0,0,0,0,0,0,0,0,0,0,0,0,0,0,0,0
chr11:64241133|64241388,0,0,0,0,0,0,0,0,0,1.0,0,0,0,0,0,0,0,0,0,0
chr11:65546442|65547821,0,0,0,0,0,0,0,0,0,0,0,0,0,2.0,0,0,0,0,0,0
chr11:65862530|65862976,0,0,0,0,0,0,0,0,0,0,0,0,0,0,0,0,0,0,0,1.0
chr11:6604361|6604715,0,0,0,0,0,0,0,0,0,0,0,0,0,0,1.0,0,0,0,0,0
chr11:66338060|66338242,0,0,0,0,0,0,0,0,0,0,0,0,0,0,0,0,0,0,1.0,0
chr11:66639700|66640123,0,0,0,0,0,0,1.0,0,0,0,0,0,0,0,0,0,0,0,0,0
chr11:67507145|67507364,0,0,0,0,0,0,0,0,0,0,0,1.0,0,0,0,0,0,0,0,0
chr11:70417013|70419856,0,0,0,0,0,0,0,0,0,0,0,0,0,0,0,0,0,0,0,2.0
chr11:77624963|77629899,0,0,0,0,0,1.0,0,0,0,0,0,0,0,0,0,0,0,0,0,0
chr11:83206058|83248087,1.0,0,0,0,0,0,0,0,0,0,0,0,0,0,0,0,0,0,0,0
chr11:85662071|85662362,0,0,0,0,0,0,0,0,0,0,0,0,0,0,1.0,0,0,0,0,0
chr11:85663013|85663178,0,0,0,0,0,0,0,0,1.0,0,0,0,0,0,0,0,0,0,0,0
chr11:85996826|86003451,0,0,0,0,0,0,0,0,0,2.0,0,0,0,0,0,0,0,0,0,0
chr11:85996826|86031611,0,0,0,0,0,0,0,0,0,0,0,0,0,0,3.0,0,0,0,0,0
chr11:86250296|86256512,0,0,0,0,0,0,0,0,0,0,0,0,0,1.0,0,0,0,0,0,0
chr11:96091892|96093517,0,0,0,0,0,0,0,0,1.0,0,3.0,0,2.0,0,0,0,3.0,0,0,0
chr12:101908364|101914154,0,0,0,0,0,0,0,0,0,1.0,0,0,0,0,0,0,0,0,0,0
chr12:105156726|105160148,0,0,0,0,0,0,0,0,0,1.0,0,0,0,0,0,0,0,0,0,0
chr12:105162846|105164110,0,0,0,0,0,0,0,0,0,0,0,0,0,0,0,0,0,1.0,0,0
chr12:122859198|122859389,0,0,0,0,0,0,0,0,0,0,0,0,0,0,2.0,0,0,0,0,0
chr12:123309310|123309856,0,0,0,0,0,0,0,0,0,0,1.0,0,0,0,0,0,0,0,0,0
chr12:123345258|123350441,0,0,0,0,0,0,0,0,0,0,0,0,0,0,0,0,0,1.0,0,0
chr12:124457106|124495368,0,0,0,0,0,0,0,0,0,1.0,0,0,0,0,0,0,0,0,0,0
chr12:124483596|124495368,0,0,0,0,0,0,0,0,0,0,0,0,0,0,1.0,0,0,0,0,0
chr12:13211469|13213821,0,0,0,0,0,0,0,0,0,0,0,0,0,0,0,1.0,0,0,0,0
chr12:132784164|132796700,0,0,1.0,0,0,0,0,0,0,0,0,0,0,0,0,0,0,0,0,0
chr12:1754258|1754514,1.0,0,0,0,0,0,0,0,0,0,0,0,0,0,0,0,0,0,0,0
chr12:2798827|2798989,0,0,0,0,0,0,0,0,0,0,0,0,0,0,1.0,0,0,0,0,0
chr12:31495810|31499671,0,0,0,0,0,0,0,0,0,0,0,0,0,0,0,0,0,0,0,1.0
chr12:40508015|40510850,0,0,1.0,0,0,0,0,0,0,0,0,0,0,0,0,0,0,0,0,0
chr12:40519003|40537715,0,0,0,0,0,0,1.0,0,0,0,0,0,0,0,0,0,0,0,0,0
chr12:40523589|40537715,0,0,0,0,2.0,0,0,0,0,0,0,0,0,0,0,0,0,0,0,0
chr12:40526273|40535809,0,0,0,0,1.0,0,0,0,0,0,0,0,0,0,0,0,0,0,0,0
chr12:42351885|42398994,0,0,0,0,0,0,0,0,0,0,2.0,0,0,0,0,0,0,0,0,0
chr12:48066927|48071721,0,1.0,0,0,0,0,0,0,0,0,0,0,0,0,0,0,0,0,0,0
chr12:49106225|49106544,0,0,0,0,0,0,0,2.0,0,0,0,0,0,0,0,0,0,0,0,0
chr12:49566555|49566721,0,0,0,0,0,0,0,0,0,0,0,0,0,0,0,0,0,0,0,1.0
chr12:50427762|50429090,0,0,0,0,0,0,0,0,0,0,0,1.0,0,0,0,0,0,0,0,0
chr12:51975265|51991993,0,0,0,0,0,0,2.0,0,0,0,0,0,0,0,0,0,0,0,0,0
chr12:52949219|52949455,0,1.0,0,0,0,0,0,0,0,0,0,0,0,0,0,0,0,0,0,0
chr12:53296276|53297824,0,0,0,0,0,0,0,0,0,0,0,2.0,0,0,0,0,0,0,0,0
chr12:56095807|56096017,0,0,0,0,0,0,0,1.0,0,0,0,0,0,0,0,0,0,0,0,0
chr12:6332741|6333068,0,0,1.0,0,0,0,0,0,0,0,0,0,0,0,0,0,0,0,0,0
chr12:6341497|6341775,0,0,0,0,0,0,0,0,0,0,0,0,0,1.0,0,0,0,0,0,0
chr12:6868510|6868784,0,0,0,0,0,0,0,0,0,0,0,0,0,0,0,0,1.0,0,0,0
chr12:69352299|69353109,0,0,0,0,0,0,0,0,0,0,0,0,0,0,1.0,0,0,0,0,0
chr12:6967500|6967891,0,0,0,0,0,0,0,0,0,0,0,0,0,2.0,0,0,0,0,0,0
chr12:89349592|89351639,0,0,0,1.0,0,0,0,0,0,0,0,0,0,0,0,0,0,0,0,0
chr12:908035|908203,2.0,0,0,0,0,0,0,0,0,0,0,0,0,0,0,0,0,0,0,0
chr13:101579287|101692701,0,0,0,0,0,0,0,0,0,0,0,0,0,0,1.0,0,0,0,0,0
chr13:102839804|102840054,1.0,0,0,0,0,0,0,0,0,0,0,0,0,0,0,0,0,0,0,0
chr13:20026612|20036909,0,0,0,0,0,0,0,0,0,0,0,0,0,0,0,0,0,0,0,1.0
chr13:21400373|21421164,0,0,0,0,0,0,0,0,0,0,0,0,0,0,0,0,0,0,0,1.0
chr13:23805950|23886506,0,0,0,0,1.0,0,0,0,0,0,0,0,0,0,0,0,0,0,0,0
chr13:26400453|26401624,0,0,0,0,0,0,0,0,0,0,0,0,0,0,1.0,0,0,0,0,0
chr13:32517857|32527532,0,0,0,0,0,0,0,0,0,0,0,0,0,0,1.0,0,1.0,0,0,0
chr13:37582366|37586280,2.0,0,0,0,0,0,0,0,0,0,0,0,0,0,0,0,0,0,0,0
chr13:45338816|45339496,0,0,0,0,0,0,0,0,0,0,0,0,0,2.0,0,0,0,0,0,0
chr13:50027207|50044768,0,0,0,0,0,0,0,0,0,0,0,0,0,0,2.0,0,0,0,0,0
chr13:50390198|50433550,0,0,0,0,0,0,1.0,0,0,0,0,0,0,0,0,0,0,0,0,0
chr13:52050104|52076143,0,0,0,0,0,0,1.0,0,0,0,0,0,0,0,0,0,0,0,0,0
chr13:95757644|95763953,0,0,0,0,0,0,0,0,0,0,0,1.0,0,0,0,0,0,0,0,0
chr13:95832927|95837202,1.0,0,0,0,0,0,0,0,0,0,0,0,0,0,0,0,0,0,0,0
chr13:98519243|98519473,0,0,0,0,0,0,0,0,2.0,0,0,0,0,0,0,0,0,0,0,0
chr14:100337062|100343387,0,0,0,0,0,0,0,0,0,0,0,0,0,0,1.0,0,0,0,0,0
chr14:100397186|100484124,0,0,0,0,0,0,0,0,0,0,0,0,1.0,0,0,0,0,0,0,0
chr14:103913961|103915189,0,0,0,0,0,0,0,0,0,0,0,0,0,0,0,0,0,0,0,1.0
chr14:104770745|104792722,0,0,0,0,0,0,0,0,0,0,0,0,0,0,0,0,1.0,0,0,0
chr14:105226069|105226760,0,0,0,0,0,0,0,0,0,0,0,0,0,0,0,0,1.0,0,0,0
chr14:105478266|105479047,0,0,4.0,0,0,0,0,0,0,0,0,0,0,0,0,0,0,0,0,0
chr14:24146019|24146207,0,0,1.0,0,0,0,0,0,0,0,0,0,0,0,0,0,0,0,0,0
chr14:24187194|24187399,0,0,0,0,0,0,0,0,1.0,0,0,0,0,0,0,0,0,0,0,0
chr14:34862044|34862322,0,0,0,0,0,0,0,0,1.0,0,0,0,0,0,0,0,0,0,0,0
chr14:37285318|37369624,0,0,0,0,0,0,0,1.0,0,0,0,0,0,0,0,0,0,0,0,0
chr14:37748939|37827366,0,1.0,0,0,0,0,0,0,0,0,0,0,0,0,0,0,0,0,0,0
chr14:39179091|39179462,0,0,0,0,0,0,0,1.0,0,0,0,0,0,0,0,0,0,0,0,0
chr14:57229734|57247712,0,0,0,0,0,0,0,0,0,0,0,0,0,0,0,0,0,1.0,0,0
chr14:57576295|57581014,0,0,0,0,0,0,1.0,0,0,0,0,0,0,0,0,0,0,0,0,0
chr14:65561337|65561766,0,0,0,0,0,0,0,0,1.0,0,0,0,0,0,0,0,0,0,0,0
chr14:65615978|65629606,0,0,0,0,0,0,0,0,0,1.0,0,0,0,0,0,0,0,0,0,0
chr14:75096867|75097099,0,0,0,0,0,0,0,0,0,0,1.0,0,0,0,0,0,0,0,0,0
chr14:75280129|75280528,0,0,0,0,0,0,0,1.0,0,0,0,0,0,0,0,0,0,0,0,0
chr14:80743075|80778046,0,0,0,0,0,0,0,0,0,0,0,0,0,0,0,0,1.0,0,0,0
chr14:96833467|96860735,0,0,0,0,0,0,0,0,0,0,0,0,0,0,0,0,0,1.0,0,0
chr14:99458279|99465813,0,0,0,0,0,0,0,0,0,0,0,0,1.0,0,0,0,0,0,0,0
chr15:24962114|24982437,0,0,0,0,0,0,0,0,0,0,1.0,0,0,0,0,0,0,0,0,0
chr15:25098717|25099278,0,0,0,0,0,0,0,0,0,0,0,0,0,0,0,0,0,0,2.0,0
chr15:37083964|37093580,0,0,0,3.0,0,0,0,0,0,0,0,0,0,0,0,0,0,0,0,0
chr15:38299373|38299547,0,0,0,0,0,0,0,0,0,0,0,0,0,0,0,0,0,1.0,0,0
chr15:40843953|40844178,0,0,0,0,0,0,0,0,0,0,0,0,0,0,0,0,1.0,0,0,0
chr15:41464771|41466252,0,0,0,0,0,0,0,0,0,0,4.0,0,0,0,0,0,0,0,0,0
chr15:41668828|41669958,0,0,0,0,0,0,0,0,0,0,1.0,0,0,0,0,0,0,0,0,0
chr15:41824062|41824414,0,0,0,0,0,0,0,0,0,0,0,0,0,0,0,0,0,2.0,0,0
chr15:50574274|50575789,0,0,0,0,0,0,0,0,0,0,1.0,0,0,0,0,0,0,0,0,0
chr15:51869217|51902036,0,0,0,0,0,0,0,0,0,0,1.0,0,0,0,0,0,0,0,0,0
chr15:57684675|57684859,0,0,0,0,0,0,0,0,0,0,0,0,0,0,0,0,0,2.0,0,0
chr15:66502612|66503164,0,0,0,0,0,0,0,0,0,0,0,0,0,0,0,0,7.0,0,0,0
chr15:68173732|68176654,0,0,0,0,0,0,0,0,0,0,0,0,0,0,0,0,0,0,0,1.0
chr15:69413963|69414151,0,0,0,0,0,0,0,0,0,0,0,0,0,0,0,1.0,0,0,0,0
chr15:73702255|73703086,1.0,0,0,0,0,0,0,0,0,1.0,0,0,0,0,0,0,0,0,0,2.0
chr15:73702772|73703997,0,1.0,4.0,4.0,1.0,5.0,2.0,4.0,61.0,3.0,0,0,0,37.0,20.0,8.0,7.0,34.0,0,3.0
chr15:75859878|75873568,0,0,0,0,0,0,0,0,0,1.0,0,0,0,0,0,0,0,0,0,0
chr15:76283757|76287945,0,0,0,0,0,0,0,0,0,0,0,1.0,0,0,0,0,0,0,0,0
chr15:76287846|76292700,0,0,0,0,0,0,0,0,0,0,0,0,0,0,0,0,0,0,1.0,0
chr15:90932216|90932385,0,0,0,0,0,0,0,0,0,0,0,0,0,0,0,0,0,0,0,1.0
chr15:90948795|90949294,0,0,0,0,0,0,0,1.0,0,0,0,0,0,0,0,0,0,0,0,0
chr15:92996957|93002317,0,1.0,0,0,0,0,0,0,0,0,0,0,0,0,0,0,0,0,0,0
chr15:93004617|93014909,0,1.0,0,0,0,0,0,0,0,0,0,0,0,0,0,0,0,0,0,0
chr15:94298201|94298730,0,0,0,0,0,0,0,0,0,1.0,0,0,0,0,0,0,0,0,0,0
chr15_KI270848v1_alt:102250|102432,0,0,0,0,1.0,0,0,0,0,0,0,0,0,0,0,0,0,0,0,0
chr16:11846501|11847806,0,0,0,0,0,0,0,0,0,0,1.0,0,0,0,0,0,0,0,0,0
chr16:1460547|1460815,0,0,0,0,0,0,0,0,0,0,0,0,0,0,0,1.0,0,0,0,0
chr16:14644274|14644609,0,0,0,0,0,0,0,0,0,0,0,1.0,0,0,0,0,0,0,0,0
chr16:199062|206147,0,0,0,0,0,0,0,0,0,0,0,0,0,1.0,0,0,0,0,0,0
chr16:22225654|22225975,0,0,0,0,0,0,0,0,0,1.0,0,0,0,0,0,0,0,0,0,0
chr16:2514183|2519189,0,0,0,0,0,0,0,0,0,0,0,0,0,0,0,0,0,3.0,0,0
chr16:2561909|2565549,0,0,0,0,0,0,0,0,0,0,0,0,0,0,0,0,1.0,0,0,0
chr16:2595851|2596146,0,0,0,0,0,0,0,0,0,0,0,0,0,0,0,0,0,0,0,2.0
chr16:2769285|2769784,0,0,0,0,0,1.0,0,0,0,0,0,0,0,0,0,0,0,0,0,0
chr16:28488591|28489386,0,0,0,0,0,0,0,0,0,0,1.0,0,0,0,0,0,0,0,0,0
chr16:2933716|2933979,0,0,0,0,0,0,2.0,0,0,0,0,0,0,0,0,0,0,0,0,0
chr16:29804066|29804789,0,0,0,0,0,0,0,0,2.0,0,0,0,0,0,0,0,0,0,0,0
chr16:3483598|3484677,0,0,0,1.0,0,0,0,0,0,0,0,0,0,0,0,0,0,0,0,0
chr16:3663243|3663423,0,0,0,0,0,0,0,0,0,1.0,0,0,0,0,0,0,0,0,0,0
chr16:3679719|3686136,0,0,2.0,0,0,0,0,0,0,0,0,0,0,0,0,0,0,0,0,0
chr16:3850297|3851009,0,0,0,0,0,0,0,0,0,0,0,0,0,0,0,0,1.0,0,0,0
chr16:48277338|48303305,0,0,0,1.0,0,0,0,0,0,0,0,0,0,0,0,0,0,0,0,0
chr16:53255600|53274302,0,0,0,0,0,0,0,1.0,0,0,0,0,0,0,0,0,0,0,0,0
chr16:56385919|56414344,0,0,0,0,0,0,0,0,4.0,0,0,0,0,0,0,0,0,0,0,0
chr16:56499576|56499777,1.0,0,0,0,0,0,0,0,0,0,0,0,0,0,0,0,0,0,0,0
chr16:58516929|58517980,0,0,0,0,0,0,0,1.0,0,0,0,0,0,0,0,0,0,0,0,0
chr16:66932919|66933613,0,0,0,0,0,0,0,0,0,0,0,0,0,0,0,0,1.0,0,0,0
chr16:670249|670773,0,0,1.0,0,0,0,0,0,0,0,0,0,0,0,0,0,0,0,0,0
chr16:67200002|67200169,0,0,0,0,1.0,0,0,0,0,0,0,0,0,0,0,0,0,0,0,0
chr16:69937653|69938987,0,0,0,0,0,0,0,0,0,0,0,0,0,1.0,0,0,0,0,0,0
chr16:72056530|72059188,0,0,0,0,0,0,0,0,0,0,0,0,1.0,0,0,0,0,0,0,0
chr16:72057392|72058355,0,0,0,0,0,0,0,0,0,0,0,0,4.0,0,0,0,0,0,4.0,0
chr16:85633914|85634132,0,0,0,0,0,1.0,0,0,0,0,0,0,0,0,0,2.0,0,0,2.0,0
chr16:89275221|89279071,0,0,0,0,0,0,0,0,0,0,0,0,0,0,0,0,0,0,1.0,0
chr16:89895038|89896083,0,0,0,0,0,0,0,0,0,0,1.0,0,0,0,0,0,0,0,0,0
chr17:39264175|39268871,0,0,0,0,0,0,0,0,0,0,0,0,0,0,0,0,0,0,0,1.0
chr17:39490557|39494694,0,0,0,0,0,0,0,0,0,0,0,0,0,0,0,0,0,1.0,0,0
chr17:39653481|39653750,0,2.0,0,0,0,0,0,0,0,0,0,0,0,0,0,0,0,0,0,0
chr17:39684597|39686019,0,0,0,0,0,0,0,0,0,0,0,0,0,4.0,0,0,0,0,0,5.0
chr17:39709813|39715939,0,0,0,0,0,0,0,0,0,2.0,0,0,2.0,0,0,0,0,0,0,0
chr17:39719835|39720046,0,0,0,0,0,0,0,0,0,0,0,0,0,0,1.0,0,0,0,0,0
chr17:39727004|39727271,0,0,0,0,0,0,0,0,0,0,0,0,0,0,0,0,0,0,0,1.0
chr17:41514166|41514648,0,0,0,0,0,0,0,0,0,0,1.0,0,0,0,0,0,0,0,0,0
chr17:41517201|41518329,0,0,0,0,0,0,0,0,0,0,0,0,0,0,0,0,1.0,0,0,0
chr17:41524587|41524842,1.0,0,0,0,0,0,0,0,0,0,0,0,0,0,0,0,0,0,0,0
chr17:41525342|41527827,0,0,0,0,0,0,0,1.0,0,0,0,0,0,0,0,0,0,0,0,0
chr17:41818382|41819399,0,0,2.0,0,0,0,0,0,0,0,0,0,0,0,0,0,0,0,0,0
chr17:42339437|42345558,0,0,0,0,0,0,0,0,0,0,0,0,0,1.0,0,0,0,0,0,0
chr17:42669693|42669917,0,0,0,0,0,0,0,1.0,0,0,0,0,0,0,0,0,0,0,0,0
chr17:47618350|47619164,0,0,0,0,0,0,0,0,0,0,0,2.0,0,0,0,0,0,0,0,0
chr17:49311312|49312845,0,0,0,0,0,0,0,0,1.0,0,0,0,0,0,0,0,0,0,0,0
chr17:50187015|50187122,0,0,0,0,0,0,1.0,0,0,0,0,0,0,0,0,0,0,0,0,0
chr17:50189168|50189538,0,0,0,1.0,0,0,0,0,0,0,0,2.0,5.0,0,0,0,2.0,0,0,2.0
chr17:50189377|50189732,0,0,0,0,0,0,0,0,0,0,0,26.0,2.0,0,0,0,0,0,0,3.0
chr17:50190001|50190924,0,0,0,0,0,0,0,0,0,0,0,0,0,0,0,0,0,0,0,9.0
chr17:50191383|50191490,0,0,0,0,0,0,0,0,0,0,0,0,0,0,0,0,0,0,0,1.0
chr17:50740306|50746702,0,0,0,0,0,0,0,0,0,0,2.0,0,0,0,0,0,0,0,0,0
chr17:50745720|50746003,0,0,0,0,0,0,0,0,0,0,0,0,0,0,0,2.0,0,0,0,0
chr17:51161160|51168343,40.0,15.0,46.0,34.0,25.0,58.0,21.0,43.0,28.0,40.0,35.0,20.0,27.0,20.0,55.0,29.0,17.0,17.0,21.0,11.0
chr17:51168242|51170049,0,0,0,0,0,0,0,1.0,0,0,0,0,0,0,0,0,0,0,0,0
chr17:62010550|62063301,0,0,0,0,0,0,0,0,1.0,0,0,0,0,0,0,0,0,0,0,0
chr17:64187451|64188167,0,0,0,0,0,0,0,0,0,0,0,0,0,0,1.0,0,0,0,0,0
chr17:64348260|64352463,0,0,0,0,0,0,0,0,0,0,0,0,0,0,0,0,0,1.0,0,0
chr17:64501770|64502009,0,0,0,0,0,0,0,0,0,0,0,0,0,0,0,0,0,0,0,1.0
chr17:67910877|67922990,0,0,0,0,0,0,0,0,0,0,0,0,0,0,0,0,0,0,1.0,0
chr17:67945409|67975958,1.0,0,0,0,0,0,0,0,0,0,0,0,0,0,0,1.0,0,0,0,1.0
chr17:68043838|68045921,0,0,0,0,0,1.0,0,0,0,0,0,0,0,0,0,0,0,0,0,0
chr17:7012758|7013639,0,0,0,0,0,1.0,0,0,0,0,0,0,0,0,0,0,0,0,0,0
chr17:75741006|75742316,0,0,0,1.0,0,0,0,0,0,0,0,0,0,0,0,0,0,0,0,0
chr17:77307141|77402703,0,0,0,0,0,0,0,1.0,0,0,0,0,0,0,0,0,0,0,0,0
chr17:77402059|77402703,1.0,0,0,0,0,0,0,0,0,0,0,0,0,0,0,0,0,0,0,0
chr17:80344016|80344288,0,0,0,0,0,0,0,1.0,0,0,0,0,0,0,0,0,0,0,0,0
chr17:81546384|81546908,0,0,0,0,0,0,0,0,0,1.0,0,0,0,0,0,0,0,0,0,0
chr17:82183774|82188419,0,0,0,1.0,0,0,0,0,1.0,0,0,0,0,0,0,0,0,0,0,0
chr17:8229142|8229446,0,0,0,0,0,0,0,0,0,0,0,0,0,0,1.0,0,0,0,0,0
chr17:82563354|82568201,0,0,0,0,0,0,0,0,0,0,1.0,2.0,0,0,0,0,0,0,0,0
chr17_KI270857v1_alt:816839|822740,0,0,0,0,0,0,0,1.0,0,0,0,0,0,0,0,0,0,0,0,0
chr18:13278105|13387762,0,0,0,0,0,0,0,0,0,0,1.0,0,0,0,0,0,0,0,0,0
chr18:14787039|14799295,0,0,0,0,0,0,0,0,0,0,0,0,0,0,0,0,0,0,0,2.0
chr18:14797661|14803824,0,0,0,0,0,0,0,0,0,0,0,0,0,0,0,0,0,0,0,22.0
chr18:14797661|14814711,0,0,0,1.0,0,0,0,0,0,0,0,0,0,0,0,0,0,0,0,0
chr18:14803734|14813165,0,0,0,0,0,0,0,0,0,19.0,0,0,0,0,0,0,0,0,7.0,11.0
chr18:21765772|21779685,0,0,0,4.0,0,0,0,0,0,0,0,0,0,0,0,0,0,0,0,0
chr18:32111754|32113860,0,0,0,0,0,0,0,0,0,0,0,1.0,0,0,0,0,0,0,0,0
chr18:36111059|36127016,0,0,0,0,0,0,0,1.0,0,0,0,0,0,0,0,0,0,0,0,0
chr18:49097402|49118926,0,0,2.0,0,0,0,0,0,0,0,0,0,0,0,0,0,0,0,0,0
chr18:54271360|54274090,0,0,0,0,0,0,0,0,0,0,0,0,0,0,1.0,0,0,0,0,0
chr18:76441245|76443211,0,1.0,0,0,0,0,0,0,0,0,0,0,0,0,0,0,0,0,0,0
chr18:79966679|79967852,0,0,0,0,0,0,0,0,0,0,0,0,1.0,0,0,0,0,0,0,0
chr18:79966679|79967858,0,0,1.0,0,0,0,0,0,0,0,0,0,0,0,0,0,0,0,0,0
chr18:9931810|9950568,0,2.0,0,0,0,0,0,0,0,0,0,0,0,0,0,0,0,0,0,0
chr19:10116407|10116799,0,0,0,0,0,0,0,0,0,0,0,0,0,1.0,0,0,0,0,0,0
chr19:10356568|10358138,0,0,0,0,0,0,0,0,0,0,0,0,0,0,0,0,0,1.0,0,0
chr19:1064254|1064500,1.0,0,0,0,0,0,0,0,0,0,0,0,0,0,0,0,0,0,0,0
chr19:10913877|10916777,0,0,0,0,0,0,0,0,0,1.0,0,0,0,0,0,0,0,0,0,0
chr19:12018341|12034827,0,0,0,0,0,0,0,0,0,3.0,0,0,0,0,0,0,0,0,0,0
chr19:12928342|12928847,0,0,0,0,0,0,0,0,0,0,0,0,0,0,0,0,1.0,0,0,0
chr19:13817216|13817976,0,0,0,0,0,0,0,10.0,0,0,0,0,0,0,0,0,0,0,0,0
chr19:14100826|14102914,0,0,0,0,0,0,0,0,0,0,0,0,0,0,0,0,0,0,0,1.0
chr19:15397150|15410594,0,1.0,0,0,0,0,0,0,0,0,0,0,0,0,0,0,0,0,0,0
chr19:1612207|1612433,0,0,0,0,0,0,0,0,0,0,0,0,0,0,0,0,1.0,0,0,0
chr19:16535711|16541869,0,0,0,0,0,0,0,1.0,0,0,0,0,0,0,0,0,0,0,0,0
chr19:17267528|17268764,0,0,0,0,0,0,0,0,0,0,0,0,0,0,2.0,0,0,0,0,0
chr19:17353196|17360527,0,0,0,0,0,0,0,2.0,0,0,0,0,0,0,0,0,0,0,0,0
chr19:18560551|18561689,0,0,0,0,1.0,0,0,0,0,0,0,0,0,0,0,0,0,0,0,0
chr19:18789448|18789941,0,0,0,0,0,0,0,0,0,0,0,0,0,0,0,0,0,0,1.0,0
chr19:2269745|2271191,0,0,0,0,0,0,0,0,0,0,2.0,0,0,0,0,0,0,0,0,0
chr19:2271955|2272720,0,3.0,0,0,0,0,0,0,0,0,0,0,0,0,0,0,0,0,0,0
chr19:3198817|3201626,0,0,0,0,0,0,0,0,0,0,0,0,0,0,0,0,0,1.0,0,0
chr19:35271142|35278678,0,0,0,0,0,0,1.0,0,0,0,0,0,0,0,0,0,0,0,0,0
chr19:3578114|3578442,0,0,0,0,0,0,0,0,0,0,0,0,0,0,0,0,0,1.0,0,0
chr19:39175439|39175695,0,0,0,0,0,0,1.0,0,0,0,0,0,0,0,0,0,0,0,0,0
chr19:39875388|39890071,0,0,0,0,0,1.0,0,0,0,0,0,0,0,0,0,0,1.0,0,0,0
chr19:39876658|39892186,0,0,0,0,1.0,0,1.0,0,0,0,0,0,0,1.0,0,0,0,0,0,0
chr19:39877663|39893527,1.0,0,0,4.0,3.0,25.0,1.0,2.0,3.0,4.0,1.0,0,3.0,2.0,0,0,4.0,3.0,11.0,3.0
chr19:39879555|39894495,0,0,0,0,2.0,3.0,0,14.0,4.0,4.0,0,0,0,0,0,0,0,2.0,0,0
chr19:39883305|39896143,0,0,0,2.0,0,11.0,0,9.0,18.0,1.0,0,0,0,2.0,0,4.0,3.0,0,4.0,0
chr19:39885673|39899697,0,0,0,0,0,3.0,0,1.0,2.0,0,0,0,0,0,0,0,0,4.0,3.0,0
chr19:39885991|39902124,0,0,0,0,0,17.0,1.0,0,2.0,1.0,0,0,0,1.0,0,0,3.0,1.0,3.0,0
chr19:39889479|39902837,0,1.0,0,7.0,0,45.0,0,3.0,7.0,1.0,5.0,0,0,0,0,0,3.0,0,12.0,0
chr19:4053971|4055247,0,0,0,1.0,0,0,0,0,0,0,0,0,0,0,0,0,0,0,0,0
chr19:40626010|40626946,0,0,0,0,0,0,0,0,0,0,0,0,0,0,0,0,0,0,0,1.0
chr19:41301705|41302611,0,0,1.0,0,0,0,0,0,0,0,0,0,0,0,0,0,0,0,0,0
chr19:41479081|41479284,0,0,0,0,0,0,0,0,4.0,0,0,25.0,0,4.0,0,0,0,0,0,0
chr19:41479081|41495427,9.0,0,39.0,26.0,0,15.0,0,0,62.0,0,41.0,105.0,294.0,63.0,20.0,210.0,90.0,14.0,0,0
chr19:41714971|41718382,0,0,0,0,11.0,0,0,243.0,0,0,0,0,0,0,0,0,0,0,1.0,1.0
chr19:418923|425231,0,0,0,1.0,0,0,0,0,0,0,0,0,0,0,0,0,0,0,0,1.0
chr19:42215308|42217631,0,0,0,0,0,0,0,1.0,0,0,0,0,0,0,0,0,0,0,0,0
chr19:44871853|44874478,0,0,0,0,0,0,0,0,0,0,0,0,0,1.0,0,0,0,0,0,0
chr19:45227662|45231874,0,0,0,0,0,0,0,0,0,0,0,0,0,0,0,2.0,0,0,0,0
chr19:45263113|45263367,0,0,0,0,0,0,0,0,0,0,0,1.0,0,0,0,0,0,0,0,0
chr19:45698901|45701756,0,0,0,0,0,0,0,0,0,0,0,0,0,0,0,0,1.0,0,0,0
chr19:49461619|49462755,0,0,0,0,0,0,0,0,0,0,0,26.0,0,0,0,0,0,0,0,0
chr19:49854970|49858114,0,0,0,0,0,0,0,0,0,0,0,2.0,0,0,0,0,0,0,0,0
chr19:49857931|49858346,0,0,0,0,0,0,0,0,1.0,0,0,0,0,0,0,0,0,0,0,0
chr19:5047476|5082504,1.0,0,0,0,0,0,0,0,0,0,0,0,0,0,0,0,0,0,0,0
chr19:5131076|5138070,0,0,0,0,0,0,0,0,0,0,0,0,0,0,0,0,0,0,1.0,1.0
chr19:51350329|51353290,0,0,0,0,0,0,0,0,0,0,1.0,0,0,0,0,0,0,0,0,0
chr19:53380722|53384056,0,0,0,0,0,0,0,0,0,0,0,0,0,0,0,1.0,0,0,0,0
chr19:53423062|53449638,0,0,0,0,0,0,0,0,0,0,0,0,0,0,0,5.0,0,0,0,0
chr19:55092622|55095600,1.0,0,0,0,0,0,0,0,0,0,0,0,0,0,0,0,0,0,0,0
chr19:55202056|55204048,0,0,0,0,1.0,0,0,0,0,0,0,0,0,0,0,0,0,0,0,0
chr19:55677219|55677513,0,0,0,0,0,2.0,0,0,0,0,0,0,0,0,0,0,0,0,0,0
chr19:5923956|5924826,0,0,0,0,0,0,0,0,0,0,0,0,0,0,0,0,0,3.0,0,0
chr19:6414969|6415140,0,0,0,0,0,0,0,0,0,0,0,0,0,0,0,0,0,0,1.0,0
chr19:652032|652232,0,0,0,0,0,0,0,0,1.0,0,0,0,0,0,0,0,0,0,0,0
chr19:7267345|7267896,0,0,0,0,0,0,0,0,0,0,0,0,0,0,0,0,0,0,0,1.0
chr19:8468774|8474244,0,0,0,0,0,0,0,0,0,0,1.0,0,0,0,0,0,0,0,0,0
chr19:8882697|8888384,0,0,0,0,0,0,0,4.0,0,0,0,0,0,0,0,0,0,0,0,0
chr19:8896811|8902222,0,0,0,0,0,0,0,1.0,0,0,0,0,0,0,0,0,0,0,0,0
chr1:103571557|103575540,0,0,0,0,0,0,0,0,0,0,0,0,0,0,0,0,0,1.0,0,0
chr1:117402186|117420649,0,0,0,0,0,0,0,0,0,0,0,1.0,0,0,1.0,0,0,0,0,0
chr1:1392562|1392789,0,0,0,0,0,0,0,0,0,0,0,0,0,2.0,0,0,0,0,0,0
chr1:150577668|150578243,0,0,0,0,0,0,0,0,0,0,0,0,0,0,0,0,1.0,0,0,0
chr1:150579218|150579422,0,0,0,0,0,0,0,0,0,0,0,0,0,0,1.0,0,0,0,0,0
chr1:153991224|153991427,0,1.0,0,0,0,0,0,0,0,0,0,0,0,0,0,0,0,0,0,0
chr1:154251654|154253873,0,0,0,0,0,0,1.0,0,0,0,0,0,0,0,0,0,0,0,0,0
chr1:154946875|154947416,0,0,0,0,0,0,0,0,0,0,0,0,0,0,0,0,0,1.0,0,0
chr1:155067441|155068808,0,0,0,0,0,0,0,1.0,0,0,0,0,0,0,0,0,0,0,0,0
chr1:155131635|155133693,1.0,0,0,0,0,0,0,0,0,0,0,0,0,0,0,0,0,0,0,0
chr1:155186259|155187224,0,0,0,0,0,0,0,0,0,0,0,0,0,1.0,0,0,0,0,0,0
chr1:155210628|155212333,0,0,0,0,0,0,0,0,0,0,0,0,0,0,0,0,0,2.0,0,0
chr1:155325911|155326556,0,0,0,0,0,0,2.0,0,0,0,0,0,0,0,0,0,0,0,0,0
chr1:155327133|155328117,0,0,0,0,0,0,0,0,0,0,0,0,0,0,0,0,1.0,0,0,0
chr1:155415744|155459898,0,0,0,0,0,0,0,0,0,0,0,0,0,0,0,0,0,0,1.0,0
chr1:155438327|155439068,0,0,0,0,0,0,0,0,0,0,1.0,0,0,0,0,0,0,0,0,0
chr1:155438327|155459898,0,0,0,0,0,0,0,0,0,0,0,1.0,0,0,0,0,0,0,0,0
chr1:155676548|155679512,0,0,0,0,0,0,0,0,0,0,0,0,0,0,0,0,1.0,0,0,0
chr1:155725382|155727738,0,0,0,0,0,0,0,0,0,0,0,0,0,0,1.0,0,0,0,0,0
chr1:156134403|156134975,0,0,2.0,0,0,0,0,0,0,0,0,0,0,0,0,0,0,0,0,0
chr1:156139103|156139346,0,0,0,0,0,0,0,0,1.0,0,0,0,0,0,0,0,0,0,0,0
chr1:156233729|156236326,0,0,0,1.0,0,0,0,0,0,0,0,0,0,0,0,0,0,0,0,0
chr1:156293605|156294017,0,0,0,2.0,0,0,0,0,0,0,0,0,0,0,0,0,0,0,0,0
chr1:157690591|157695328,0,0,0,0,0,0,0,0,0,0,0,0,0,0,1.0,0,0,0,0,0
chr1:158292875|158293004,0,0,0,0,0,0,0,0,0,0,0,0,0,0,0,0,2.0,0,0,0
chr1:159045297|159049599,0,0,0,0,0,0,0,0,0,1.0,0,0,0,0,0,0,0,0,0,2.0
chr1:159049432|159049599,1.0,0,0,0,0,0,0,0,0,0,0,2.0,0,0,0,0,0,0,0,0
chr1:160356755|160356990,0,0,0,0,0,0,0,1.0,0,0,0,0,0,0,0,0,0,0,0,0
chr1:160357254|160358098,0,0,0,0,0,0,0,0,0,0,0,0,1.0,0,0,0,0,0,0,0
chr1:161045705|161045857,0,1.0,0,0,0,0,0,0,0,0,0,0,0,0,0,0,0,0,0,0
chr1:161048642|161048988,0,0,0,0,0,0,0,0,0,0,0,0,0,2.0,0,0,0,0,0,0
chr1:161118552|161118716,0,0,0,0,0,0,0,0,0,0,0,0,0,2.0,0,0,0,0,0,0
chr1:1649499|1657498,0,1.0,0,0,0,0,0,0,0,0,0,0,0,0,0,0,0,0,0,0
chr1:171523221|171532961,0,0,0,0,0,0,0,0,0,0,3.0,0,0,0,0,0,0,0,0,0
chr1:171524821|171532961,0,1.0,0,0,0,0,0,0,0,0,0,0,0,0,0,0,0,0,0,0
chr1:1734690|1739704,0,1.0,0,0,0,0,0,0,0,0,0,0,0,0,0,0,0,0,0,0
chr1:173782231|173785113,0,0,0,0,0,0,0,2.0,0,0,0,0,0,0,0,0,0,0,0,0
chr1:175118561|175123663,0,0,0,0,0,0,0,0,0,0,0,0,0,2.0,0,0,0,1.0,0,0
chr1:175123400|175123663,0,0,0,0,0,0,0,0,2.0,0,0,0,1.0,0,0,0,0,0,0,0
chr1:178885212|178885483,0,0,0,0,0,0,0,0,1.0,0,0,0,0,0,0,0,0,0,0,0
chr1:179618599|179652197,0,0,0,0,0,0,0,0,0,0,0,0,0,0,1.0,0,0,0,0,0
chr1:179986169|179990621,0,0,0,0,0,0,0,0,0,0,0,0,2.0,0,0,0,0,0,0,0
chr1:180397516|180413471,0,0,0,0,0,0,0,0,0,0,0,0,0,0,0,1.0,0,0,0,0
chr1:190226082|190265055,0,0,0,1.0,0,0,0,0,0,0,0,0,0,0,0,0,0,0,0,0
chr1:19268572|19270935,0,0,1.0,0,0,0,0,0,0,0,0,0,0,0,0,0,0,0,0,0
chr1:196685064|196715769,0,0,0,0,0,0,0,0,0,2.0,0,0,0,0,0,0,0,0,0,0
chr1:203802327|203802572,0,0,0,0,0,0,0,1.0,0,0,0,0,0,0,0,0,0,0,0,0
chr1:207526753|207542580,0,0,0,0,0,0,0,0,0,1.0,0,0,0,0,0,0,0,0,0,0
chr1:207527021|207545484,0,0,0,0,1.0,0,0,0,0,0,0,0,0,0,0,0,0,0,0,0
chr1:21823749|21824120,0,0,0,0,0,0,0,0,1.0,0,0,0,0,0,0,0,0,0,0,0
chr1:21842770|21849031,0,0,0,0,0,0,0,0,0,0,0,0,2.0,0,1.0,1.0,0,9.0,0,0
chr1:21842770|21852832,0,0,0,0,0,0,0,0,0,0,0,0,0,0,0,1.0,0,0,0,0
chr1:21844148|21852832,0,0,0,0,0,0,0,0,0,0,0,0,0,0,0,2.0,0,0,0,0
chr1:21850041|21851926,0,0,0,0,0,0,0,0,0,0,0,0,1.0,0,0,2.0,0,0,0,0
chr1:21851546|21852832,0,0,0,0,0,0,0,0,0,0,0,0,0,1.0,0,1.0,0,1.0,1.0,0
chr1:21852088|21852832,1.0,0,0,0,0,0,0,0,0,1.0,0,1.0,0,0,0,2.0,0,0,0,0
chr1:227193786|227254155,0,0,0,0,0,0,0,0,0,0,0,0,0,0,0,0,0,1.0,0,0
chr1:227316554|227317004,0,0,0,0,1.0,0,0,0,0,0,0,0,0,0,0,0,0,0,0,0
chr1:228256651|228264391,0,0,0,0,0,0,0,0,0,0,0,2.0,0,0,0,0,0,0,0,0
chr1:231537213|231542611,0,0,0,0,0,0,0,0,0,0,0,0,0,0,0,0,0,2.0,0,0
chr1:233198939|233236980,0,0,0,0,0,0,0,0,0,0,0,0,0,0,0,0,1.0,0,0,0
chr1:234231417|234231741,0,0,0,0,0,1.0,0,0,0,0,0,0,0,0,0,0,0,0,0,0
chr1:234607890|234608494,0,1.0,0,0,0,0,0,0,0,0,0,0,0,0,0,0,0,0,0,0
chr1:236178414|236180028,0,0,0,0,0,0,0,0,0,0,0,0,0,0,0,0,1.0,0,0,0
chr1:23695909|23696156,0,0,0,0,0,0,0,0,0,0,0,0,0,1.0,0,0,0,0,0,0
chr1:243293091|243378863,0,0,0,0,0,0,0,0,0,0,1.0,0,0,0,0,0,0,0,0,0
chr1:248913880|248914240,0,0,1.0,0,0,0,0,0,0,0,0,0,0,0,0,0,0,0,0,0
chr1:25245010|25245149,0,0,0,0,1.0,0,0,0,0,0,0,0,0,0,0,0,0,0,0,0
chr1:25340474|25356853,0,0,0,0,0,0,0,0,1.0,0,0,0,0,0,0,0,0,0,0,0
chr1:26729651|26732792,0,0,0,0,0,0,0,1.0,0,0,0,0,0,0,0,0,0,0,0,0
chr1:27668226|27669346,0,0,0,0,2.0,0,0,0,0,0,0,0,0,0,0,0,0,0,0,0
chr1:27789562|27793632,0,0,2.0,0,0,0,0,0,2.0,0,0,0,0,1.0,0,0,0,0,0,0
chr1:28993330|29097935,0,0,0,0,0,0,0,0,0,0,0,1.0,0,0,0,0,0,0,0,0
chr1:29035826|29053312,0,0,0,0,0,0,0,0,0,0,0,0,0,0,0,0,0,0,0,1.0
chr1:31028796|31059577,0,0,0,0,0,0,0,0,0,0,0,0,0,0,0,0,0,0,1.0,0
chr1:31915895|31919658,0,0,0,0,0,0,0,0,0,0,0,0,0,0,0,0,0,0,2.0,0
chr1:35177989|35188090,1.0,0,0,0,0,0,0,0,0,0,0,0,0,0,0,0,0,0,0,0
chr1:35358925|35361789,0,0,0,0,0,0,0,0,0,0,0,0,0,1.0,0,0,0,0,0,0
chr1:35474805|35479212,0,0,0,0,0,0,0,0,0,0,0,0,0,0,1.0,0,0,0,0,0
chr1:36089116|36089959,0,0,0,0,0,0,0,0,0,0,0,0,0,0,1.0,0,0,0,0,0
chr1:37889557|37891454,0,0,0,0,0,0,0,0,0,0,1.0,0,0,0,0,0,0,0,0,0
chr1:42696642|42696944,0,0,0,0,0,0,0,0,0,0,0,0,0,0,0,0,0,2.0,0,0
chr1:43423317|43423972,0,0,0,0,0,0,0,0,0,0,0,0,0,1.0,0,0,0,0,0,0
chr1:50584465|50584684,0,0,0,2.0,0,0,0,0,0,0,0,0,0,0,0,0,0,0,0,0
chr1:51403419|51406108,0,0,0,0,0,0,0,0,2.0,0,0,0,0,0,0,0,0,0,0,0
chr1:51772070|51772723,0,0,0,0,0,0,0,0,0,0,1.0,0,0,0,0,0,0,0,0,0
chr1:53233542|53235635,0,0,0,0,0,0,0,0,0,1.0,0,0,0,0,0,0,0,0,0,0
chr1:56578681|56578877,0,0,0,0,0,0,0,0,0,0,0,0,0,0,1.0,0,0,0,0,0
chr1:59321536|59346398,0,0,0,1.0,0,0,0,0,0,0,0,0,0,0,0,0,0,0,0,0
chr1:66891154|66905375,0,0,0,0,0,0,0,0,0,0,0,1.0,0,0,0,0,0,0,0,0
chr1:70228556|70231812,1.0,0,0,0,0,0,0,0,0,0,0,0,0,0,0,0,0,0,0,0
chr1:85350415|85358847,0,0,0,1.0,0,0,0,0,0,0,0,0,0,0,0,0,0,0,0,0
chr1:85581579|85581853,0,0,0,0,0,1.0,0,0,0,0,0,0,0,0,0,0,0,0,0,0
chr1:92840640|92841727,0,0,0,0,0,0,0,2.0,0,0,0,0,0,0,0,0,0,0,0,0
chr1:9931891|9934860,0,0,0,0,0,0,0,0,0,0,0,1.0,0,0,0,0,0,0,0,0
chr20:1164318|1164476,0,0,0,0,0,0,0,0,1.0,0,0,0,0,0,0,0,0,0,0,0
chr20:18543019|18551175,0,0,0,0,0,0,0,0,0,0,0,0,0,0,1.0,0,0,0,0,0
chr20:23379708|23379866,0,0,0,0,0,0,0,0,1.0,0,0,0,0,0,0,0,0,0,0,0
chr20:25221334|25221686,0,0,0,0,0,0,0,0,0,0,0,0,0,0,0,0,0,0,1.0,0
chr20:25221334|25222426,0,1.0,0,0,0,0,0,0,0,0,0,0,0,0,0,0,0,0,0,0
chr20:2923207|2965202,0,0,0,0,0,0,0,0,0,0,0,0,0,0,0,0,1.0,0,0,0
chr20:34942652|34942930,0,0,0,1.0,0,0,0,0,0,0,0,0,0,0,0,0,0,0,0,0
chr20:35279233|35279565,0,0,1.0,0,0,0,0,0,0,0,0,0,0,0,0,0,0,0,0,0
chr20:35709075|35709223,0,0,0,0,0,0,0,0,0,0,0,0,0,0,2.0,0,0,0,0,0
chr20:35713019|35725155,0,0,0,0,0,0,0,0,0,0,0,0,0,0,0,0,0,0,0,1.0
chr20:35732145|35738967,0,0,0,0,0,0,0,0,0,1.0,0,0,0,0,0,0,0,0,0,0
chr20:38048348|38066256,0,0,0,0,0,0,0,0,0,0,0,1.0,0,0,0,0,0,0,0,0
chr20:421032|421308,0,0,0,0,0,0,0,0,0,0,0,0,0,1.0,0,0,0,0,0,0
chr20:42756462|42885932,0,0,0,0,0,0,0,0,1.0,0,0,0,0,0,0,0,0,0,0,0
chr20:43459421|43459667,0,0,0,0,0,0,0,0,0,0,0,0,0,0,0,0,1.0,0,0,0
chr20:44509891|44512994,0,0,0,0,0,0,0,0,0,0,0,0,0,1.0,0,0,0,0,0,0
chr20:45897041|45897315,0,0,0,0,0,0,0,0,1.0,0,0,0,0,0,0,0,0,0,0,0
chr20:45951941|45952146,0,0,0,0,0,0,0,0,1.0,0,0,0,0,0,0,0,0,0,0,0
chr20:46370856|46371351,0,0,0,0,0,0,0,0,0,0,0,3.0,0,0,0,0,0,0,0,0
chr20:50191071|50191267,0,0,0,0,0,0,0,0,0,1.0,0,0,0,0,0,0,0,0,0,0
chr20:57373739|57374606,2.0,0,0,0,0,0,0,0,0,0,0,0,0,0,0,0,0,0,0,0
chr20:58997231|58997602,0,0,0,0,0,0,0,0,0,0,0,0,0,1.0,0,0,0,0,0,0
chr20:59001687|59006321,0,0,0,0,0,0,0,0,0,0,0,0,0,0,0,0,1.0,0,0,0
chr20:59037236|59038465,0,0,0,0,0,0,1.0,0,0,0,0,0,0,0,0,0,0,0,0,0
chr20:59918898|59919157,0,0,0,0,0,0,0,0,0,0,0,0,0,2.0,0,0,0,0,0,0
chr20:62139075|62140944,0,0,0,1.0,0,0,0,0,0,0,0,0,0,0,0,0,0,0,0,0
chr20:62323456|62337727,0,0,0,0,0,0,0,0,0,0,0,0,0,0,0,0,0,0,0,1.0
chr20:63775678|63790790,1.0,0,0,0,0,1.0,0,0,0,0,0,0,0,0,0,0,0,0,0,0
chr21:25954590|25982477,0,0,0,0,0,0,0,0,0,0,1.0,0,0,0,0,0,0,0,0,0
chr21:26021840|26053348,0,0,0,0,0,0,0,0,0,0,0,0,0,0,0,0,1.0,0,0,0
chr21:29305204|29329693,0,0,0,0,0,0,0,0,0,1.0,0,0,0,0,0,0,0,0,0,0
chr21:29321221|29329693,0,0,0,0,0,0,0,0,0,0,0,0,0,0,0,0,0,1.0,0,0
chr21:31701592|31701775,0,0,0,0,0,0,0,0,0,0,0,0,0,0,0,1.0,0,0,0,0
chr21:43746079|43749080,0,0,0,0,0,0,0,0,0,0,0,0,0,0,0,1.0,0,0,0,0
chr21:46349012|46349820,0,0,0,0,0,0,0,0,1.0,0,0,0,0,0,0,0,0,0,0,0
chr22:17655662|17689142,0,0,0,0,0,0,0,0,0,0,0,0,0,0,0,0,0,0,1.0,0
chr22:19720870|19721588,0,0,0,0,0,0,0,0,0,0,0,0,0,0,0,0,0,0,2.0,0
chr22:19941898|19942344,0,0,0,0,0,0,0,0,0,0,0,2.0,0,0,0,0,0,0,0,0
chr22:23268408|23273774,0,0,0,0,0,0,0,0,0,0,0,0,0,0,1.0,0,0,0,0,0
chr22:28699838|28734727,0,0,0,0,0,0,0,0,0,1.0,0,0,0,0,0,0,0,0,0,0
chr22:29288787|29289030,0,0,0,0,0,0,0,0,0,0,0,1.0,0,0,0,0,0,0,0,0
chr22:29288787|29289032,0,0,0,1.0,0,0,0,0,0,0,0,0,0,0,0,0,0,0,0,0
chr22:29288787|29289033,2.0,0,0,0,0,0,0,0,0,0,0,0,0,0,0,0,0,0,0,0
chr22:29299332|29299525,0,0,0,0,0,0,0,0,1.0,0,0,0,0,0,0,0,0,0,0,0
chr22:31573058|31589577,0,0,0,0,0,0,0,0,0,0,0,0,0,0,0,0,2.0,0,0,0
chr22:45328064|45328391,0,2.0,5.0,1.0,0,0,0,0,0,1.0,1.0,3.0,0,3.0,1.0,0,4.0,0,0,7.0
chr22:45547085|45547204,0,0,0,0,0,0,0,0,0,0,0,0,0,0,0,5.0,0,0,0,0
chr22:49787390|49824331,0,1.0,0,0,0,0,0,0,0,0,0,0,0,0,0,0,0,0,0,0
chr22:50372020|50394135,0,1.0,0,0,0,0,0,0,0,0,0,0,0,0,0,0,0,0,0,0
chr2:101006072|101006240,0,0,0,0,0,0,0,1.0,0,0,0,0,0,0,0,0,0,0,0,0
chr2:101887088|101888935,0,0,0,0,0,0,0,0,0,0,0,0,0,0,0,1.0,0,0,0,0
chr2:10577446|10577635,0,0,0,0,0,0,0,0,0,0,0,0,0,0,1.0,0,0,0,0,0
chr2:105816430|105816613,0,0,0,0,0,0,0,0,0,0,0,0,0,0,0,0,1.0,0,0,0
chr2:121367834|121377498,0,0,0,0,0,0,0,0,0,0,0,0,0,0,1.0,0,0,0,0,0
chr2:121728575|121730892,1.0,0,0,0,0,0,0,0,0,0,0,0,0,0,0,0,0,0,0,0
chr2:128097429|128104014,0,0,0,0,0,0,0,0,0,0,0,0,0,0,0,0,0,1.0,0,0
chr2:134402988|134403137,0,0,0,0,0,0,2.0,0,0,0,0,0,0,0,0,0,0,0,0,0
chr2:135602500|135605016,0,0,0,0,0,0,0,0,0,3.0,0,0,0,0,0,0,0,0,0,0
chr2:135920453|135933990,0,0,0,0,0,0,0,0,0,1.0,0,0,0,0,0,0,0,0,0,0
chr2:15461201|15539356,0,0,0,0,0,0,0,0,0,0,0,0,0,0,1.0,0,0,0,0,0
chr2:169872236|169878574,0,0,0,0,0,0,0,0,1.0,0,0,0,0,0,0,0,0,0,0,0
chr2:178653427|178657581,0,0,0,0,0,0,0,0,0,0,0,0,0,0,0,0,1.0,0,0,0
chr2:178657498|178659255,0,0,0,0,0,0,0,0,1.0,0,0,0,0,0,0,0,0,0,0,0
chr2:186506837|186507090,0,0,0,0,0,0,0,0,0,0,0,0,0,0,1.0,0,0,0,0,0
chr2:188992887|188993459,0,0,0,0,0,0,0,0,0,1.0,0,0,0,0,0,0,0,0,0,0
chr2:188995692|188997218,0,0,0,0,0,0,0,0,0,0,0,0,0,0,0,0,0,0,1.0,0
chr2:188999285|188999577,0,0,0,0,0,0,0,0,0,0,0,0,0,0,0,2.0,0,0,0,0
chr2:189005350|189006259,0,0,0,0,0,0,0,0,0,0,0,1.0,0,0,0,0,0,0,0,2.0
chr2:189782814|189783013,0,0,0,1.0,0,0,0,0,0,0,0,0,0,0,0,0,0,0,0,0
chr2:190655977|190673152,0,0,0,0,0,0,0,0,0,0,1.0,0,0,0,0,0,0,0,0,0
chr2:200818394|200818667,0,0,0,0,0,0,0,0,0,0,0,1.0,0,0,0,0,0,0,0,0
chr2:200861011|200861237,0,0,0,0,0,0,0,0,0,0,0,0,0,1.0,0,0,0,0,0,0
chr2:205104426|205125737,0,0,0,0,0,0,0,0,0,1.0,0,0,0,0,0,0,0,0,0,0
chr2:215373322|215391814,0,0,0,0,0,0,0,0,0,0,0,0,0,0,0,0,0,0,0,1.0
chr2:216192639|216194986,0,0,0,0,0,0,0,3.0,0,0,0,0,0,0,0,0,0,0,0,0
chr2:217835091|217836211,0,0,0,0,0,0,0,0,0,0,0,0,0,0,0,0,0,0,2.0,0
chr2:218660246|218660503,0,0,0,0,0,0,0,0,0,0,0,1.0,0,0,0,0,0,0,0,0
chr2:218660422|218660679,0,0,0,0,0,0,0,1.0,0,0,0,0,0,0,0,0,0,0,0,0
chr2:218671733|218671929,0,0,0,0,1.0,0,0,0,0,0,0,0,0,0,0,0,0,0,0,0
chr2:219251765|219252007,0,0,0,0,0,0,2.0,0,0,0,0,0,0,0,0,0,0,0,0,0
chr2:224535528|224557856,0,1.0,0,0,0,0,0,0,0,0,0,0,0,0,0,0,0,0,0,0
chr2:226906793|226914351,0,0,0,0,0,0,0,0,1.0,0,0,0,0,0,0,0,0,0,0,0
chr2:230250981|230253417,0,0,0,0,0,0,0,0,0,0,0,0,0,0,2.0,0,0,0,0,0
chr2:230357805|230401807,0,0,0,0,0,0,0,0,0,0,0,0,0,0,3.0,0,0,1.0,0,0
chr2:231456010|231456764,0,0,0,1.0,0,0,0,0,0,0,0,0,0,0,0,0,0,0,0,0
chr2:231457001|231457800,0,0,5.0,0,0,0,0,0,0,0,0,0,0,0,0,0,0,0,0,0
chr2:231711420|231711861,0,0,0,0,0,0,0,0,0,0,0,0,1.0,0,0,0,0,0,0,0
chr2:232811244|232850409,0,0,0,0,0,0,0,0,0,0,1.0,0,0,0,0,0,0,0,0,0
chr2:235930765|235968623,0,0,0,0,0,0,0,0,0,0,0,0,0,0,0,0,0,0,1.0,0
chr2:23823258|23823569,0,0,0,0,0,0,0,0,0,0,0,0,0,1.0,0,0,0,0,0,0
chr2:241112240|241115413,0,0,0,0,0,0,0,0,1.0,0,0,0,0,0,0,0,0,0,0,0
chr2:241335126|241343093,0,0,0,0,1.0,0,0,0,0,0,0,0,0,0,0,0,0,0,0,0
chr2:241342992|241346249,0,0,0,0,0,0,0,0,0,0,0,0,1.0,0,0,0,0,0,0,0
chr2:241751389|241755816,0,0,0,0,1.0,0,0,0,0,0,0,0,0,0,0,0,0,0,0,0
chr2:25093003|25128332,2.0,0,0,0,0,0,0,0,0,0,0,0,0,0,0,0,0,0,0,0
chr2:28404107|28408866,0,1.0,0,0,0,0,0,0,0,0,0,0,0,0,0,0,0,0,0,0
chr2:36522092|36537546,0,0,0,0,0,0,0,0,0,0,0,0,0,0,0,1.0,0,0,0,0
chr2:36855212|36902751,0,0,0,0,0,0,0,0,0,0,0,1.0,0,0,0,0,0,0,0,0
chr2:47378953|47379969,0,0,0,1.0,0,0,0,0,0,0,0,0,0,0,0,0,0,0,0,0
chr2:47838859|47839769,0,0,0,0,0,0,0,0,0,0,0,0,0,1.0,0,0,0,0,0,0
chr2:54982515|54987698,0,0,0,0,0,0,0,0,1.0,0,0,0,0,0,0,0,0,0,0,0
chr2:55874946|55876742,0,2.0,0,0,0,0,0,0,0,0,0,0,0,0,0,0,0,0,0,0
chr2:61190011|61190270,0,0,0,0,0,0,0,0,0,0,0,0,0,0,0,0,1.0,0,0,0
chr2:61495455|61502310,0,0,0,0,0,0,0,0,0,0,0,0,0,0,0,0,1.0,0,0,0
chr2:72465160|72480750,0,0,0,0,0,0,0,0,0,0,0,0,0,0,0,0,0,1.0,0,0
chr2:74874266|74886393,0,0,1.0,2.0,2.0,0,0,0,0,0,0,0,0,0,0,5.0,0,1.0,1.0,0
chr2:86032272|86038857,0,0,1.0,0,0,0,0,0,0,0,0,0,0,0,0,0,0,0,0,0
chr2:86491276|86491998,0,0,0,0,0,0,0,0,0,0,0,0,0,0,0,0,0,0,1.0,0
chr2:8862361|8862589,0,0,0,0,0,0,0,0,0,3.0,0,0,0,0,0,0,0,0,0,0
chr2:97657629|97657942,0,0,0,0,0,0,0,0,0,0,0,0,0,0,0,0,0,0,0,1.0
chr2:98726239|98726567,0,0,0,1.0,0,2.0,0,0,0,0,0,0,0,0,0,0,0,0,0,0
chr2:99360236|99371730,0,0,0,3.0,0,0,0,0,0,0,1.0,0,0,0,0,0,0,0,0,0
chr3:101852085|101855458,0,0,0,0,0,0,0,1.0,0,0,0,0,0,0,0,0,0,0,0,0
chr3:105520067|105534845,0,0,0,0,0,1.0,0,0,0,0,0,0,0,0,0,0,0,0,0,0
chr3:111144899|111147484,0,0,0,0,1.0,0,0,0,0,0,0,0,0,0,0,0,0,0,0,0
chr3:113284568|113284726,0,0,0,0,0,0,0,0,2.0,0,0,0,0,0,0,0,0,0,0,0
chr3:11358418|11426926,0,0,0,0,0,0,0,0,0,0,0,0,0,0,0,0,1.0,0,0,0
chr3:114350274|114351878,0,0,0,0,0,0,0,0,0,0,0,0,0,0,0,0,1.0,0,0,0
chr3:11564797|11565019,0,0,0,1.0,0,0,0,0,0,0,0,0,0,0,0,0,0,0,0,0
chr3:121667633|121668060,0,0,0,0,0,0,1.0,0,0,0,0,0,0,0,0,0,0,0,0,0
chr3:12379704|12392752,0,0,0,0,0,0,0,0,0,0,0,0,0,0,0,2.0,0,0,0,0
chr3:124674615|124674820,0,0,0,0,0,0,0,0,0,0,0,0,0,0,0,0,0,0,0,1.0
chr3:128067152|128067394,0,0,0,0,0,0,0,0,0,0,0,0,0,0,0,0,0,0,2.0,0
chr3:129517595|129519082,0,0,0,0,1.0,0,0,0,0,0,0,0,0,0,0,0,0,0,0,0
chr3:13629164|13629945,0,0,0,0,0,0,0,0,0,0,0,3.0,0,0,0,15.0,4.0,0,0,0
chr3:136377660|136417972,0,0,0,0,0,0,0,0,0,0,0,0,0,0,0,0,1.0,0,0,0
chr3:14665124|14666775,0,0,0,0,0,0,1.0,0,0,0,0,0,0,0,0,0,0,0,0,0
chr3:149846011|149872154,0,0,0,0,1.0,0,0,0,0,0,0,0,0,0,0,0,0,0,0,0
chr3:149846011|149921227,0,0,0,0,0,0,0,0,0,0,0,0,0,0,1.0,0,0,0,0,0
chr3:169976946|169985865,0,0,0,0,0,0,0,0,0,0,1.0,0,0,0,0,0,0,0,0,0
chr3:169976946|169988359,1.0,0,0,0,0,0,0,0,1.0,0,4.0,0,0,0,0,0,0,0,0,0
chr3:172247533|172251541,0,0,0,1.0,0,0,0,0,0,0,0,0,0,0,0,0,0,0,0,0
chr3:173604279|173605091,0,0,0,0,0,1.0,0,0,0,0,0,0,0,0,0,0,0,0,0,0
chr3:180610004|180610213,0,0,0,0,0,0,0,0,0,0,0,0,0,0,0,0,0,0,1.0,0
chr3:183715144|183724531,0,0,0,0,0,0,0,0,0,2.0,0,0,0,0,0,0,0,0,0,0
chr3:183775915|183777700,1.0,0,0,0,0,0,0,0,0,0,0,0,0,0,0,0,0,0,0,0
chr3:183833492|183868060,0,0,0,0,0,0,0,0,1.0,0,0,0,0,0,0,0,0,0,0,0
chr3:185437447|185443636,0,0,0,0,0,0,0,0,0,0,1.0,0,0,0,0,0,0,0,0,0
chr3:188406112|188609844,0,0,0,0,0,0,0,0,0,0,0,0,0,0,1.0,0,0,0,0,0
chr3:196073930|196075360,0,0,0,0,0,0,0,0,0,0,0,1.0,0,0,0,0,0,0,0,0
chr3:196814451|196818156,0,0,0,0,0,0,0,0,0,0,1.0,0,0,0,0,0,0,0,0,0
chr3:42194804|42201054,0,0,0,0,0,0,0,0,0,0,0,0,0,0,0,0,0,0,1.0,0
chr3:45007576|45011186,0,0,0,0,0,0,0,0,0,0,0,0,0,1.0,0,0,0,0,0,0
chr3:47000405|47001000,0,0,0,0,0,0,0,0,0,1.0,0,0,0,0,0,0,0,0,0,0
chr3:47006450|47006875,0,0,0,0,0,0,0,0,0,0,0,0,0,0,1.0,0,0,0,0,0
chr3:47425485|47428670,0,0,0,0,0,0,0,0,0,0,0,0,0,0,0,0,0,1.0,0,0
chr3:4811265|4818242,0,0,0,0,0,0,0,0,0,0,0,0,0,0,0,0,1.0,0,0,0
chr3:48580581|48581157,0,0,0,0,0,0,0,0,0,1.0,0,0,0,0,0,0,0,0,0,0
chr3:48599739|48600062,0,0,0,0,0,0,0,2.0,0,0,0,0,0,0,0,0,0,0,0,0
chr3:48689732|48691306,0,0,0,0,0,0,0,0,0,0,1.0,0,0,0,0,0,0,0,0,0
chr3:48922748|48927813,0,0,0,1.0,0,0,0,0,0,0,0,0,0,0,0,0,0,0,0,0
chr3:53237947|53240250,0,0,0,0,0,0,0,0,0,0,0,0,0,1.0,0,0,0,0,0,0
chr3:53805147|53808619,0,0,0,0,0,0,0,0,0,0,0,0,0,0,0,0,0,0,0,2.0
chr3:58077046|58098908,0,0,2.0,0,0,0,0,0,0,0,0,0,0,0,0,0,0,0,0,0
chr3:66382273|66383401,0,1.0,0,0,0,0,0,0,0,0,0,0,0,0,0,0,0,0,0,0
chr3:93995874|94003908,0,0,0,0,0,0,0,0,1.0,0,0,0,0,0,0,0,0,0,0,0
chr3:9757893|9759487,0,0,0,0,0,0,0,0,0,0,1.0,0,0,0,0,0,0,0,0,0
chr4:101895305|101918189,0,0,0,0,0,0,0,0,0,0,0,1.0,0,0,0,0,0,0,0,0
chr4:102304317|102315830,0,4.0,0,0,0,0,0,0,1.0,0,0,0,0,0,0,0,0,0,0,0
chr4:102722871|102726683,0,0,0,0,0,0,0,0,0,0,0,0,0,0,0,0,0,0,0,1.0
chr4:1225360|1238337,0,0,0,0,0,0,0,0,0,0,0,0,0,3.0,0,0,0,1.0,0,0
chr4:128074460|128077962,0,0,0,0,0,0,0,0,0,0,0,0,0,1.0,0,0,0,0,0,0
chr4:143543509|143543972,0,0,0,0,0,0,0,0,0,0,0,0,0,0,0,0,0,0,2.0,0
chr4:147857553|147881932,0,0,0,0,0,0,0,0,0,0,1.0,0,0,0,0,0,0,0,0,0
chr4:176727778|176729746,0,0,0,0,0,0,0,0,0,0,0,0,0,1.0,0,0,0,0,0,0
chr4:184788617|184803546,0,0,0,0,0,0,0,0,0,0,0,3.0,0,0,0,0,0,0,0,0
chr4:25821996|25835323,0,0,0,0,0,0,0,0,0,0,0,0,0,0,1.0,0,0,0,0,0
chr4:41264162|41264538,0,0,0,0,1.0,0,0,0,0,0,0,0,0,0,0,0,0,0,0,0
chr4:42485496|42524847,0,1.0,0,0,0,0,0,0,0,0,0,0,0,0,0,0,0,0,0,0
chr4:55893552|55899884,0,0,0,0,0,0,0,0,0,0,0,0,0,0,0,0,0,0,0,1.0
chr4:57032426|57040933,0,0,0,0,0,0,0,0,0,0,0,0,1.0,0,0,0,0,0,0,0
chr4:70762519|70768661,0,0,0,0,0,0,0,0,0,0,0,0,0,0,0,0,0,0,0,1.0
chr4:75012425|75013150,0,0,1.0,0,0,0,0,0,0,0,0,0,0,0,0,0,0,0,0,0
chr4:82425753|82426036,0,0,0,0,1.0,0,0,0,0,0,0,0,0,0,0,0,0,0,0,0
chr4:82425827|82426036,0,0,0,0,0,0,1.0,0,0,0,0,0,0,0,0,0,0,0,0,0
chr4:85570522|85570721,0,0,0,0,0,0,0,0,0,0,0,0,0,0,0,0,0,0,1.0,0
chr4:86764593|86767976,0,0,0,0,0,0,0,0,0,1.0,0,0,0,0,0,0,0,0,0,0
chr4:87195324|87195690,0,0,0,0,0,0,0,0,0,0,0,0,0,0,0,0,0,1.0,0,0
chr4:94996040|95104567,0,0,0,0,0,0,0,0,0,0,0,0,0,0,0,0,0,0,1.0,0
chr5:109713520|109755456,0,0,0,0,0,0,0,0,0,0,0,0,0,0,1.0,0,0,0,0,0
chr5:118848090|118944649,0,0,0,0,1.0,0,0,0,0,0,0,0,0,0,0,0,0,0,0,0
chr5:123545417|123575963,0,0,0,0,0,0,0,0,0,0,0,0,0,0,0,0,0,0,1.0,0
chr5:128357276|128361848,0,0,0,0,0,0,0,0,0,0,0,0,0,0,0,0,0,0,0,1.0
chr5:131698917|131744690,0,0,0,0,0,0,0,0,0,0,0,0,0,0,0,0,0,0,1.0,0
chr5:131716565|131744690,0,0,0,0,0,0,0,0,0,0,0,0,0,0,0,0,1.0,0,0,0
chr5:132883340|132885119,0,0,0,0,0,0,1.0,0,0,0,0,0,0,0,0,0,0,0,0,0
chr5:133064980|133070496,0,0,0,0,0,0,0,0,0,0,0,0,0,0,0,0,0,2.0,0,0
chr5:137985257|137988315,0,0,0,0,0,0,0,0,0,1.0,0,1.0,0,0,0,0,0,0,0,0
chr5:138824530|138827718,0,0,0,0,0,0,0,0,0,1.0,0,0,0,0,0,0,0,0,0,0
chr5:138930936|138931136,0,0,0,0,0,0,0,0,0,0,0,0,0,1.0,0,0,0,0,0,0
chr5:140695846|140696050,0,0,0,1.0,0,0,0,0,0,0,0,0,0,0,0,1.0,0,0,0,0
chr5:146498687|146503305,0,0,0,0,0,0,0,4.0,0,0,0,0,0,0,0,0,0,0,0,0
chr5:148441238|148441925,0,0,0,0,1.0,0,0,0,0,0,0,0,0,0,0,0,0,0,0,0
chr5:150374954|150379408,0,0,0,0,0,0,1.0,0,0,0,0,0,0,0,0,0,0,0,0,0
chr5:157488265|157490454,0,0,0,0,0,0,0,0,0,0,0,0,0,0,1.0,0,0,0,0,0
chr5:168488602|168494650,0,0,0,0,0,0,0,0,0,0,0,0,0,0,0,0,1.0,1.0,0,0
chr5:168559032|168568998,0,0,0,0,0,1.0,0,0,0,0,0,0,0,0,0,0,0,0,0,0
chr5:172055588|172057473,0,0,0,0,0,0,0,0,1.0,0,0,0,0,0,0,0,0,0,0,0
chr5:176911311|176970866,0,1.0,0,0,0,0,0,0,0,0,0,0,0,0,0,0,0,0,0,0
chr5:177536358|177539147,0,0,0,0,0,0,0,0,0,0,0,1.0,0,0,0,0,0,0,0,0
chr5:177592203|177592675,0,0,0,0,0,0,0,0,0,0,0,0,0,2.0,0,0,0,0,0,0
chr5:178206011|178206197,1.0,0,0,0,0,0,0,0,0,0,0,0,0,0,0,0,0,0,0,0
chr5:178861081|178861782,0,0,0,0,0,0,0,0,0,0,0,0,0,0,0,0,0,0,1.0,0
chr5:179616899|179617110,0,0,0,0,0,0,0,0,0,0,1.0,0,0,0,0,0,0,0,0,0
chr5:179841907|179853437,0,0,0,0,0,0,0,0,0,0,0,0,0,0,0,0,1.0,0,0,0
chr5:180809431|180809633,0,0,0,0,0,1.0,0,0,0,0,0,0,0,0,0,0,0,0,0,0
chr5:181239067|181239582,0,0,1.0,0,0,0,0,0,0,0,0,0,0,0,0,0,0,0,0,0
chr5:40764514|40777586,0,0,0,3.0,0,0,0,0,0,0,0,0,0,0,0,0,0,0,0,0
chr5:44813283|44814893,0,0,0,0,0,0,0,3.0,0,0,0,0,0,0,0,0,0,0,0,0
chr5:475320|475628,0,0,0,0,0,0,0,0,0,0,0,0,0,0,1.0,0,0,0,0,0
chr5:57237173|57237433,0,0,0,0,0,0,0,0,0,0,0,1.0,0,0,0,0,0,0,0,0
chr5:61472681|61473037,0,0,0,0,0,0,0,0,0,0,0,0,0,0,0,0,0,1.0,0,0
chr5:73749837|73776696,0,0,0,0,0,1.0,0,0,0,0,0,0,0,0,0,0,0,0,0,0
chr5:80873288|80873611,0,0,0,0,0,1.0,0,0,0,0,0,0,0,0,0,0,0,0,0,0
chr5:91072447|91102340,0,2.0,0,0,0,0,0,0,0,0,0,0,0,0,0,0,0,0,0,0
chr6:100715462|100725703,0,0,0,0,0,0,0,0,0,1.0,0,0,0,0,0,0,0,0,0,0
chr6:112253956|112254291,0,0,0,0,0,0,0,0,0,0,0,0,0,0,0,1.0,0,0,0,0
chr6:126011253|126013101,0,0,0,0,0,0,0,0,0,0,0,0,0,0,0,0,0,0,0,1.0
chr6:131676736|131720379,0,0,0,0,0,0,0,0,0,0,0,0,0,0,0,0,1.0,0,0,0
chr6:135290265|135290422,0,0,1.0,0,0,0,0,0,0,0,0,0,0,0,0,0,0,0,0,0
chr6:135453341|135455926,0,0,0,0,0,0,0,0,0,0,0,0,0,0,0,0,0,0,1.0,0
chr6:138207042|138210041,0,0,0,0,0,0,1.0,0,0,1.0,0,0,0,0,0,0,0,0,0,0
chr6:138941335|138944622,0,0,0,0,0,0,0,0,0,0,0,0,0,0,0,0,0,0,1.0,0
chr6:138943513|138944622,0,0,0,0,0,0,0,0,0,0,0,0,0,0,0,0,0,1.0,0,0
chr6:147267084|147327276,0,0,0,0,0,0,0,0,0,0,0,0,0,0,0,0,0,1.0,0,0
chr6:151807843|151808364,2.0,0,0,0,0,0,0,0,0,0,0,0,0,0,0,0,0,0,0,0
chr6:151944173|151944508,0,0,0,0,0,0,0,0,0,0,0,0,0,0,1.0,0,0,0,0,0
chr6:156901376|156935576,1.0,0,0,0,0,0,0,0,0,0,0,0,0,0,0,0,0,0,0,0
chr6:157084662|157110561,0,0,0,0,0,0,0,0,0,0,0,0,0,0,1.0,0,0,0,0,0
chr6:159682474|159688242,0,0,0,0,0,0,0,0,0,0,0,0,0,0,0,0,0,0,0,1.0
chr6:16326394|16328470,0,0,0,1.0,0,0,0,0,0,0,0,0,0,0,0,0,0,0,0,0
chr6:166943019|166952548,0,0,1.0,0,0,0,0,0,0,0,0,0,0,0,0,0,0,0,0,0
chr6:1726416|1960966,0,0,0,0,0,0,0,1.0,0,0,0,0,0,0,0,0,0,0,0,0
chr6:36598984|36599747,0,0,0,1.0,0,0,0,0,0,0,0,0,0,0,0,0,0,0,0,0
chr6:4060687|4060861,1.0,0,0,0,0,0,0,0,0,0,0,0,0,0,0,0,0,0,0,0
chr6:4126135|4127831,0,0,0,0,0,0,0,0,0,1.0,0,0,0,0,0,0,0,0,0,0
chr6:42573734|42594304,0,0,0,0,0,0,0,0,0,1.0,0,0,0,0,0,0,0,0,0,0
chr6:42592151|42594304,0,0,0,0,0,0,0,0,0,0,0,0,0,0,1.0,0,0,0,0,0
chr6:47253256|47286595,0,0,0,0,0,0,0,0,0,1.0,0,0,0,0,0,0,0,0,0,0
chr6:47283938|47286595,0,0,0,0,0,0,0,0,0,1.0,0,0,0,0,0,0,0,0,0,0
chr6:4891713|4892379,0,0,0,0,0,0,0,0,1.0,0,0,0,0,0,0,0,0,2.0,0,0
chr6:49555158|49561614,1.0,0,0,0,0,0,0,0,0,0,0,0,0,0,0,0,0,0,0,0
chr6:50818973|50819160,0,0,0,0,1.0,0,0,0,0,0,0,0,0,0,0,0,0,0,0,0
chr6:53291776|53295707,2.0,0,0,0,0,0,0,0,1.0,0,0,0,0,0,0,0,0,0,0,0
chr6:70732378|70798737,0,0,0,0,0,0,0,0,0,0,0,1.0,0,0,0,0,0,0,0,0
chr6:7176655|7189322,0,0,0,0,0,0,0,0,0,0,0,0,0,0,0,0,0,0,1.0,0
chr6_GL000251v2_alt:3558157|3559235,0,6.0,0,0,0,0,0,0,0,0,0,0,0,0,0,0,0,0,0,0
chr7:100353484|100353694,0,0,0,1.0,0,0,0,0,0,0,0,0,0,0,0,0,0,0,0,0
chr7:100358220|100359079,9.0,0,0,2.0,2.0,4.0,4.0,12.0,3.0,0,2.0,9.0,0,2.0,2.0,1.0,1.0,1.0,2.0,11.0
chr7:100403829|100404177,0,0,0,0,0,0,2.0,0,0,0,0,0,0,0,0,0,0,0,0,0
chr7:103303842|103304490,0,0,0,0,0,0,0,0,0,0,1.0,0,0,0,0,0,0,0,0,0
chr7:105459168|105495253,0,0,0,0,0,0,0,0,0,0,0,0,0,0,1.0,0,0,0,0,0
chr7:106097690|106099282,0,0,0,0,0,0,0,0,0,0,0,1.0,0,0,0,0,0,0,0,0
chr7:10982372|10990847,0,0,0,0,0,0,0,0,0,0,6.0,0,0,0,0,0,1.0,0,0,0
chr7:11013747|11051780,0,0,0,0,0,0,0,0,0,0,0,0,0,0,1.0,0,0,0,0,0
chr7:12578064|12581221,0,0,1.0,0,0,0,0,0,0,0,0,0,0,0,0,0,0,0,0,0
chr7:127929188|127991056,0,0,0,1.0,0,0,0,0,0,0,0,0,0,0,0,0,0,0,0,0
chr7:130120749|130122202,0,0,0,0,0,0,0,0,0,0,0,0,0,0,0,0,0,0,0,1.0
chr7:131375424|131388972,0,0,0,0,0,0,0,0,0,0,0,0,0,0,0,0,1.0,0,0,0
chr7:142056830|142082571,0,0,0,0,0,0,0,2.0,0,0,0,0,0,0,0,0,0,0,0,0
chr7:142060311|142086328,0,0,0,0,0,0,0,1.0,0,0,0,0,0,0,0,0,0,0,0,0
chr7:142065588|142094497,0,0,0,0,0,0,0,1.0,0,0,0,0,0,0,0,0,0,0,0,0
chr7:142067341|142095713,0,0,0,0,0,0,0,3.0,0,0,0,0,0,0,0,0,0,0,0,0
chr7:142070994|142097649,0,0,0,6.0,0,0,0,0,0,0,0,0,0,0,0,0,0,0,0,0
chr7:143389978|143390560,0,0,0,0,0,0,0,0,0,1.0,0,0,0,0,0,0,0,0,0,0
chr7:148753976|148767749,0,0,0,0,0,0,0,0,0,0,0,1.0,0,0,0,0,0,0,0,0
chr7:149014904|149019197,0,0,0,0,0,0,1.0,0,0,0,0,0,0,0,0,0,0,0,0,0
chr7:151236591|151236929,0,0,0,0,0,0,0,0,0,0,0,0,0,0,0,0,0,0,0,1.0
chr7:155665175|155700944,0,0,0,0,0,0,0,0,0,0,0,0,1.0,0,0,0,0,0,0,0
chr7:157201721|157223351,0,0,0,0,0,0,0,0,0,0,0,0,0,0,0,0,0,1.0,0,0
chr7:157656357|157682937,0,0,0,0,0,0,0,1.0,0,0,0,0,0,0,0,0,0,0,0,0
chr7:16681301|16689906,0,0,0,0,0,0,0,0,0,0,0,0,0,0,0,0,0,1.0,0,0
chr7:24623666|24668660,0,0,0,0,0,0,0,0,0,0,0,0,0,0,1.0,0,0,0,0,0
chr7:26193005|26193250,0,0,2.0,0,0,0,0,0,0,0,0,0,0,0,0,0,0,0,0,0
chr7:26193251|26193373,0,0,7.0,3.0,0,9.0,0,0,3.0,10.0,0,0,1.0,0,0,0,0,0,0,0
chr7:26193251|26196481,0,0,0,0,2.0,0,0,0,0,0,0,0,0,0,0,0,0,0,0,0
chr7:26193575|26196481,0,0,0,0,0,0,0,0,0,0,0,3.0,0,0,0,0,0,0,0,0
chr7:33349068|33534176,0,0,0,0,0,0,0,0,0,0,1.0,0,0,0,0,0,0,0,0,0
chr7:38262171|38265678,0,0,0,0,0,0,0,0,0,0,0,0,0,5.0,0,0,3.0,0,0,0
chr7:44106888|44107406,0,0,0,0,0,0,0,0,0,0,0,0,0,0,0,0,0,0,0,2.0
chr7:56061850|56062156,0,0,0,0,0,0,0,0,1.0,0,0,0,0,0,0,0,0,0,0,0
chr7:56073112|56073272,1.0,0,0,0,0,0,0,0,0,0,0,0,0,0,0,0,0,0,0,0
chr7:6144197|6144407,0,0,0,0,0,0,0,0,0,1.0,0,0,0,0,0,0,0,0,0,0
chr7:6469596|6474284,0,0,0,0,0,0,0,0,0,1.0,0,0,0,0,0,0,0,0,0,0
chr7:66797374|66805396,0,0,0,0,0,0,0,0,0,1.0,0,0,0,0,0,0,0,0,0,0
chr7:677229|711527,0,0,0,0,0,0,0,0,0,0,0,0,0,0,0,0,0,0,2.0,0
chr7:74059886|74063369,0,0,0,0,0,0,0,0,0,0,0,0,0,0,0,0,0,1.0,0,0
chr7:75554440|75556811,0,0,0,0,0,0,0,0,0,0,0,0,0,0,0,0,1.0,0,0,0
chr7:8003908|8060248,0,0,0,0,0,0,0,0,0,0,0,1.0,0,0,0,0,0,0,0,0
chr7:892419|892583,0,0,0,0,0,0,0,0,0,1.0,0,0,0,0,0,0,0,0,0,0
chr7:92294889|92327900,0,0,0,0,0,0,0,0,1.0,0,0,0,0,0,0,0,0,0,0,0
chr7:94413083|94416503,0,0,0,0,0,0,0,0,0,0,0,0,2.0,0,0,0,0,0,0,0
chr7:94417724|94417831,0,0,0,0,0,0,0,0,0,5.0,0,1.0,0,0,0,0,0,0,0,1.0
chr7:94417724|94420286,0,0,0,0,0,0,0,0,0,17.0,0,10.0,0,0,0,0,7.0,0,0,0
chr7:94420541|94423118,0,0,0,0,0,0,0,0,0,0,0,0,0,0,0,0,0,0,6.0,0
chr7:98945951|98946177,0,0,0,0,0,0,1.0,0,0,0,0,0,0,0,0,0,0,0,0,0
chr7:99397862|99400424,0,0,0,0,3.0,0,0,0,0,0,0,0,0,0,0,0,0,0,0,0
chr7:99968465|99971745,0,0,0,0,0,1.0,0,0,0,0,0,0,0,0,0,0,0,0,0,0
chr7_KI270803v1_alt:20083|45293,0,0,0,0,0,0,0,1.0,0,0,0,0,0,0,0,0,0,0,0,0
chr7_KI270803v1_alt:21352|46524,1.0,0,0,0,0,0,0,0,0,0,0,0,0,0,0,0,0,0,0,0
chr7_KI270803v1_alt:21736|47841,0,0,0,0,0,0,0,1.0,0,0,0,0,0,0,0,0,0,0,0,0
chr7_KI270803v1_alt:22191|48208,0,0,0,0,0,0,0,1.0,0,0,0,0,0,0,0,0,0,0,0,0
chr7_KI270803v1_alt:25379|53927,0,0,0,0,0,0,0,1.0,0,0,0,0,0,0,0,0,0,0,0,0
chr7_KI270803v1_alt:26264|54488,0,0,0,0,0,0,0,11.0,0,0,0,0,0,0,0,0,0,0,0,0
chr7_KI270803v1_alt:29221|57593,0,0,0,0,0,0,0,2.0,0,0,0,0,0,0,0,0,0,0,0,0
chr7_KI270803v1_alt:32874|59529,0,0,0,0,0,0,0,1.0,0,0,0,0,0,0,0,0,0,0,0,0
chr8:100712362|100715601,0,0,0,0,0,0,0,0,1.0,0,0,0,0,0,0,0,0,0,0,0
chr8:102327742|102346395,0,0,0,0,0,0,0,0,0,0,0,0,0,0,1.0,0,0,0,0,0
chr8:108449823|108453147,0,0,0,0,0,0,0,0,0,0,0,0,0,0,1.0,0,0,0,0,0
chr8:125151171|125182256,1.0,0,0,0,0,0,0,0,0,0,0,0,0,0,0,0,0,0,0,0
chr8:127890589|128096654,0,0,0,0,0,0,0,0,0,1.0,0,0,0,0,0,0,0,0,0,0
chr8:140700891|140744767,0,0,0,0,0,0,0,0,0,0,0,0,0,0,1.0,0,0,0,0,0
chr8:144424364|144424717,0,0,0,0,0,0,0,0,0,0,0,0,0,1.0,0,0,0,0,0,0
chr8:22103186|22103785,0,0,0,0,0,0,0,0,0,0,0,0,0,0,0,0,0,0,1.0,0
chr8:23568379|23568618,0,0,0,0,0,0,0,0,0,0,0,0,0,0,0,0,0,1.0,0,0
chr8:27289281|27290155,0,0,0,0,0,0,0,0,1.0,0,0,0,0,0,0,0,0,0,0,0
chr8:28970043|29018913,0,0,0,0,0,0,0,0,0,0,1.0,0,0,0,0,0,0,0,0,0
chr8:37765526|37766355,0,0,0,0,0,0,0,0,0,0,1.0,0,0,0,0,0,0,0,0,0
chr8:42542466|42542623,0,0,1.0,0,0,0,0,0,0,0,0,0,0,0,0,0,0,0,0,0
chr8:43059092|43064215,0,0,0,0,0,0,0,0,0,0,0,0,0,0,1.0,0,0,0,0,0
chr8:51860845|51861246,0,0,0,0,0,0,0,0,0,0,0,0,0,0,2.0,0,0,1.0,0,0
chr8:55966715|55999549,0,0,0,0,0,0,0,0,0,0,0,0,0,0,1.0,0,0,0,0,0
chr8:60208750|60226935,0,0,0,0,0,0,0,0,1.0,0,0,0,0,0,0,0,0,0,0,0
chr8:61680968|61684188,0,0,0,0,1.0,0,0,0,0,0,0,0,0,0,0,0,0,0,0,0
chr8:668598|674047,0,0,0,0,0,0,0,0,0,0,0,0,1.0,0,0,0,0,0,0,0
chr8:70159505|70162854,0,0,0,0,0,0,0,0,1.0,0,0,0,0,0,0,0,0,0,0,0
chr8:74004886|74005095,0,0,0,0,0,0,0,0,0,0,0,0,0,0,0,0,0,1.0,0,0
chr8:98042810|98044942,0,0,0,1.0,0,0,0,0,0,0,0,0,0,0,0,0,0,0,0,0
chr8:98547969|98579789,0,0,0,0,0,0,0,0,0,0,0,0,0,0,0,0,0,0,0,1.0
chr8:98706467|98707311,0,0,0,0,0,0,0,0,0,2.0,0,0,2.0,0,0,0,0,0,0,0
chr8:98706467|98749390,0,0,0,0,0,0,0,0,0,0,1.0,0,0,0,0,0,0,0,0,0
chr8:99442401|99577633,0,0,0,0,0,0,0,0,0,0,0,0,0,0,1.0,0,0,0,0,0
chr9:107302035|107325004,0,1.0,0,0,0,0,0,0,0,0,0,0,0,0,0,0,0,0,0,0
chr9:110941421|110942168,0,0,0,0,0,0,0,0,0,0,0,0,0,0,0,1.0,0,0,0,0
chr9:112268049|112297916,0,0,0,0,0,0,0,0,0,0,0,0,0,0,0,0,0,0,0,1.0
chr9:121310684|121312488,0,0,0,0,0,0,0,0,0,0,0,0,0,0,0,0,0,2.0,0,0
chr9:128508876|128515639,0,0,0,0,0,0,0,0,0,0,0,1.0,0,0,0,0,0,0,0,0
chr9:131430090|131432794,0,0,0,0,0,0,0,0,0,0,0,0,0,0,0,0,2.0,0,0,0
chr9:135881633|135883078,0,0,0,0,0,0,0,0,1.0,1.0,0,0,0,0,0,0,0,0,0,0
chr9:136456176|136457443,0,0,0,0,0,0,0,0,0,0,0,0,0,1.0,0,0,0,0,0,0
chr9:137050068|137050283,0,0,2.0,0,0,0,0,0,2.0,0,0,0,0,0,0,0,0,0,0,0
chr9:137754171|137800984,0,0,0,0,0,0,0,0,0,0,0,0,0,1.0,0,0,0,0,0,0
chr9:19286769|19305527,0,0,0,0,0,0,0,0,0,1.0,0,0,0,0,0,0,0,0,0,0
chr9:19357155|19357939,0,0,0,0,0,0,0,0,0,0,0,0,0,1.0,0,0,0,0,0,0
chr9:20715322|20720534,0,0,0,0,0,0,0,0,0,0,0,0,0,0,0,0,1.0,0,0,0
chr9:32984631|32989895,0,0,0,0,0,0,0,0,0,0,0,0,0,0,0,0,0,1.0,0,0
chr9:33953285|33973237,0,0,0,0,0,0,0,0,0,0,0,0,0,0,0,0,0,0,1.0,0
chr9:33953285|33996333,0,0,0,0,0,0,0,0,0,0,0,1.0,0,0,0,0,0,0,0,0
chr9:34405728|34405915,0,0,0,0,0,1.0,0,0,0,0,0,0,0,0,0,0,0,0,0,0
chr9:34614789|34616029,0,0,2.0,0,0,0,0,0,0,0,0,0,0,0,0,0,0,0,0,0
chr9:36210661|36210938,0,0,0,0,0,0,0,0,0,0,1.0,0,0,0,0,0,0,0,0,0
chr9:36234159|36236831,0,0,0,1.0,0,0,0,0,0,0,0,0,0,0,0,0,0,0,0,0
chr9:36581644|36589652,0,0,0,1.0,0,0,0,0,0,0,0,0,0,0,0,0,0,0,0,0
chr9:6420912|6434173,0,0,0,0,0,0,0,0,0,0,0,1.0,0,0,0,0,0,0,0,0
chr9:73159329|73166192,0,0,0,0,0,0,0,0,0,0,0,0,0,0,1.0,0,0,0,0,0
chr9:744590|745144,0,0,0,0,0,1.0,0,0,0,0,0,0,0,0,0,0,0,0,0,0
chr9:83677727|83678599,0,0,0,0,0,0,0,0,0,0,0,1.0,0,0,0,0,0,0,0,0
chr9:93471141|93498886,0,0,0,0,0,0,0,0,0,0,0,0,0,0,0,0,1.0,0,0,0
chr9:95080694|95082719,0,0,0,0,2.0,0,0,0,0,0,0,0,0,0,0,0,0,0,0,0
chrX:101126709|101148161,0,0,0,0,0,0,0,0,0,0,1.0,0,0,0,0,0,0,0,0,0
chrX:101391823|101392029,0,0,0,0,0,0,1.0,0,0,0,0,0,0,0,0,0,0,0,0,0
chrX:101659156|101659418,0,0,0,1.0,0,0,0,0,0,0,0,0,0,0,0,0,0,0,0,0
chrX:107088436|107088839,0,0,0,0,0,0,0,0,1.0,0,0,0,0,0,0,0,0,0,0,0
chrX:108539746|108626349,0,0,0,0,0,0,0,0,0,1.0,0,0,0,0,0,0,0,0,0,0
chrX:131749306|131794466,0,0,2.0,0,0,0,0,0,0,0,1.0,0,0,0,0,0,0,0,0,0
chrX:134796448|134796736,0,0,0,0,0,0,0,0,0,0,0,0,0,0,0,0,0,0,0,2.0
chrX:148661908|148662768,0,0,0,0,0,0,0,0,0,0,0,0,0,0,1.0,0,0,0,0,0
chrX:154515431|154515759,0,0,0,0,0,0,0,0,1.0,0,0,0,0,0,0,0,0,0,0,0
chrX:15688661|15750165,1.0,0,0,0,0,0,0,1.0,0,0,0,0,0,0,0,0,0,0,0,0
chrX:15692963|15764775,0,0,0,0,0,0,0,0,3.0,1.0,0,0,0,0,0,0,1.0,0,0,0
chrX:15692963|15772614,0,0,0,2.0,0,0,1.0,0,0,0,0,0,0,0,0,0,1.0,1.0,1.0,0
chrX:19683823|19746441,0,0,0,0,0,0,0,0,0,1.0,0,0,0,0,0,0,0,0,0,0
chrX:23783884|23784115,0,0,0,1.0,0,0,0,0,0,0,0,0,0,0,0,0,0,0,0,0
chrX:24704389|24717758,0,0,0,0,0,0,0,0,0,0,0,0,0,0,1.0,0,0,0,0,0
chrX:37386599|37426000,0,0,0,0,0,0,0,0,0,0,0,0,0,0,0,0,1.0,0,0,0
chrX:38033534|38034008,0,0,0,0,0,0,0,1.0,0,0,0,0,0,0,0,0,0,0,0,0
chrX:38322853|38323524,0,0,0,0,0,0,0,0,0,0,0,0,0,0,0,0,1.0,0,0,0
chrX:3854692|3867806,0,0,0,0,0,0,7.0,0,0,0,0,0,0,0,0,0,0,0,0,0
chrX:3893116|3906232,0,0,0,0,0,0,0,0,0,0,0,0,0,1.0,0,0,0,0,0,0
chrX:45020610|45037689,0,1.0,0,0,0,0,0,0,0,0,0,0,0,0,0,0,0,0,0,0
chrX:48575668|48575850,0,0,0,0,0,0,0,0,0,0,0,0,0,0,0,0,1.0,0,0,0
chrX:49064665|49064873,0,0,0,0,0,0,0,0,0,2.0,0,0,0,0,0,0,0,0,0,0
chrX:49163930|49164082,0,0,0,0,0,0,0,1.0,0,0,0,0,0,0,0,0,0,0,0,0
chrX:53083306|53084512,0,0,0,0,0,0,0,0,0,0,0,0,0,1.0,0,0,0,0,0,0
chrX:77652114|77656653,0,0,0,0,0,0,0,0,0,0,0,0,0,0,0,0,0,3.0,0,0
chrX:85067127|85074391,0,0,0,0,0,0,0,0,0,0,0,0,0,0,0,0,0,1.0,0,0
